fold	epoch	train loss	valid loss
1	1	1.6728903260992094	1.3543396841038715
1	2	1.3440160100933782	1.244876150901501
1	3	1.269500314291409	1.2098874606928982
1	4	1.2133231213504405	1.172885266306636
1	5	1.1613935486986893	1.1502929849502368
1	6	1.1261610682895984	1.2025477200637371
1	7	1.1094626052614531	1.0840280109491103
1	8	1.0424140447853831	1.0632254337216471
1	9	1.023723376083646	1.0498292994149876
1	10	0.9934826855720643	1.0615479821687217
1	11	0.9710074162492923	1.020827667726265
1	12	0.9386317499212508	1.0070663482059925
1	13	0.9140829268830801	1.0753899699165708
1	14	0.898942084685696	1.0648732754118713
1	15	0.8747965333321972	1.028507562347384
1	16	0.8543030623200953	1.0044382150138254
1	17	0.847186833122557	0.9881267988638127
1	18	0.8103042791327553	1.0097739697594346
1	19	0.8006952722171619	0.9838097243955284
1	20	0.7841170418412949	0.9961291320158012
1	21	0.7733657246133986	0.9988957955723717
1	22	0.7573751361209426	1.0211656264988058
1	23	0.7455563573500427	1.0191708555370023
1	24	0.7358150440920448	0.9757202870243198
1	25	0.7160229291827555	0.9690020218655303
1	26	0.7072940842045247	1.0208006173699766
1	27	0.6988352301442565	0.9835749221590412
1	28	0.6848702614987421	0.9959999472448677
1	29	0.6794171119139132	0.991648881426661
1	30	0.6677278015847509	0.9935693744119707
1	31	0.6790644044378099	0.9727403756244716
1	32	0.6442366233914605	0.9801527728964557
1	33	0.6878675128172489	0.9543524458731487
1	34	0.622153706351107	0.9793269564380576
1	35	0.6265677982571167	0.9819537009293343
1	36	0.6425251642709252	0.9559453758564624
1	37	0.6118735472341023	0.9918753571344383
1	38	0.6070916346829469	0.9935551996414478
1	39	0.6069446502174539	0.9991812543336288
1	40	0.6042915792887005	1.018004739568347
1	41	0.5973701791940955	0.9797858258525094
1	42	0.5980549814476834	0.9913919578978431
1	43	0.5895808938138357	0.9771211006484188
1	44	0.5856065440146367	0.9685184147768405
1	45	0.6011770136884932	0.9623830504033155
1	46	0.5612992613670394	0.9876581047262464
1	47	0.5632113473738638	0.9986970811099797
1	48	0.5613935711802702	0.9908659643742628
1	49	0.5674414147807935	0.9988242971809792
1	50	0.5548540364635398	1.0063250827920305
1	51	0.5507773678531379	1.0004892553383613
1	52	0.5955455398629951	1.005695607963499
1	53	0.5482677868916274	0.9825350099649185
1	54	0.5452461872031421	0.9660512430545611
1	55	0.5407642932724002	0.989953142491889
1	56	0.6042465244629193	0.9790832282422663
1	57	0.5355030896281672	0.9653084056499677
1	58	0.5264208049419358	0.9608035801531194
1	59	0.5321140131679536	0.9729610314735999
1	60	0.5340808863457329	0.9845589039089916
1	61	0.5331453071476389	0.9886348698383722
1	62	0.529722043103766	0.9776161541213919
1	63	0.5248868025366084	0.9781507741618942
2	1	1.6945564863232276	1.329350227639623
2	2	1.3288698835205324	1.2361797736073932
2	3	1.256766998988252	1.1786711120257412
2	4	1.206117246474061	1.150974336658081
2	5	1.151305803665055	1.137993162239555
2	6	1.1038860138331619	1.222941965082266
2	7	1.0597905697787695	1.0783924549600503
2	8	1.0244509782649696	1.0692026512901278
2	9	1.0008140428431487	1.048872730483974
2	10	0.9687389727410918	1.0185223262022882
2	11	0.9395063558108242	1.1282869498007488
2	12	0.9198887374332309	1.0157061373665386
2	13	0.8879001115163813	0.9762864682796227
2	14	0.8648672135367427	0.993296165753455
2	15	0.8424026875028955	1.0159161533534962
2	16	0.825728865160975	0.9852045539521823
2	17	0.822069089606931	1.0274482063785957
2	18	0.8081058667884131	0.9803403057973751
2	19	0.7722853979580967	0.9882411430351925
2	20	0.7683494018011585	0.9748157336764092
2	21	0.7522944503928142	0.9990458365556968
2	22	0.7445568861224118	0.9563690394598202
2	23	0.7325094489608533	0.9757950997700656
2	24	0.7365010905222212	0.9612352504347362
2	25	0.6998942520004712	0.9804313382963195
2	26	0.6985325558199624	0.9530120986874087
2	27	0.6900701395915999	0.9595334061088353
2	28	0.6815855076452524	0.9484742283821106
2	29	0.7070861725316014	0.9470669712028364
2	30	0.6526544927545603	0.978709892308625
2	31	0.6545762805399106	0.9678269308196367
2	32	0.6413297734334187	0.9568140557865157
2	33	0.6403523136122543	0.9444685235728313
2	34	0.6379041850554754	0.9547651399226085
2	35	0.6253120651735808	0.9545974184344285
2	36	0.6453934784392814	0.9380824066644168
2	37	0.6056831004185097	0.942336884837081
2	38	0.6086642419126934	0.9580737658008172
2	39	0.5966652003198268	0.9418697052628454
2	40	0.5897426844757294	0.9766840861879126
2	41	0.5964135510656999	0.9302501032387254
2	42	0.587188354107918	0.9819717251688894
2	43	0.5776825812242226	0.9456689113030469
2	44	0.5790804123876057	0.9687620550394058
2	45	0.5701636174789826	0.949688586331632
2	46	0.5683282962396637	0.9453417607685075
2	47	0.5635741185253106	0.9576664562643009
2	48	0.5617355795918515	0.9448741237177466
2	49	0.5637735879939535	0.9746551839974675
2	50	0.5444890365385999	0.9410373332509159
2	51	0.5565848571650627	0.9504237082535333
2	52	0.5436359726192262	0.9349917762906012
2	53	0.543150410231707	0.9553337079765153
2	54	0.5362089582511149	0.9452652192681376
2	55	0.5651509410261575	0.9311399145500503
2	56	0.5223568481298929	0.9506958277121077
2	57	0.5287507834024228	0.9655959423441086
2	58	0.5287241820747026	0.9459828277573968
2	59	0.5175103474285776	0.9436227624868825
2	60	0.5248391644310922	0.9608231229286124
2	61	0.5243028952539185	0.9394907719679992
2	62	0.5171217315628586	0.9611634333638379
2	63	0.5207838007392364	0.9526549823527789
2	64	0.5050097951337799	0.9447081674189464
2	65	0.5048231087361638	0.9479142423093754
2	66	0.5061158366692061	0.9553075519791485
2	67	0.5072811506340437	0.9420489626426767
2	68	0.5123498284480088	0.9258777365414765
2	69	0.5051018963229216	0.9756720972104664
2	70	0.5010584143544057	0.9806638141400623
2	71	0.49828225486843336	0.9532538505583784
2	72	0.4956120698312006	0.9414123646969342
2	73	0.49587644882460813	0.9535219140731506
2	74	0.48856962844275303	0.9352478493739219
2	75	0.49093274184839847	0.9360982249252987
2	76	0.4895272854986543	0.9607981851283651
2	77	0.48746274218526325	0.9490816769373678
2	78	0.4923040577668768	0.9540193968445715
2	79	0.48611274116991593	0.9637930381254558
2	80	0.4834503542294303	0.9598433676644833
2	81	0.5101302282650846	0.9743266612508871
2	82	0.4851644847243843	0.9331454520460463
2	83	0.473838608610538	0.9536594557066034
2	84	0.4771463557660023	0.961500844489919
2	85	0.4839754100860207	0.9520783290593293
2	86	0.4718853411927353	0.9632078027420671
2	87	0.47249151198651335	0.94144884350091
2	88	0.47252930716521757	0.9513878649386176
2	89	0.46943081253424307	0.946864419283658
2	90	0.4698803172163341	0.9433707461087373
2	91	0.4722284514794549	0.9245341646410253
2	92	0.4676196025135749	0.9732131389153265
2	93	0.4646679113631518	0.9461678283928084
2	94	0.4662467798218888	0.9642691506739081
2	95	0.47136294968314213	0.9511032877829824
2	96	0.4600523628872713	0.9500732441453168
2	97	0.4659858279199631	0.9383727553552085
2	98	0.45877454243070565	0.9372291866227658
2	99	0.4603262974062086	0.9370432758200777
2	100	0.4622488048976633	0.947847955744632
2	101	0.4624194737579802	0.9662369975860972
2	102	0.46237185188712554	0.9541059614968126
2	103	0.4585727869144352	0.9500710692283881
2	104	0.45880628656028294	0.9379708690799936
2	105	0.4524076157338442	0.9388161131935399
2	106	0.4657235772253197	0.9367688159002875
2	107	0.4550470318228963	0.9547282798881949
2	108	0.45529039192010795	0.94537555366537
2	109	0.45254931636139517	0.9360527638753835
2	110	0.4529920970337607	0.9416426846580784
2	111	0.4514095928975597	0.9653262720055824
2	112	0.44458946439428865	0.9463581602721318
2	113	0.44604688181970625	0.953679743583185
2	114	0.45062489635948727	0.9561059007244389
2	115	0.45385069011951645	0.9706322109177165
2	116	0.4483070323400408	0.9533019723900913
2	117	0.44908346742549016	0.9689357182840361
2	118	0.4521206828551	0.9318352136081153
2	119	0.4429865728387112	0.9388075390436353
2	120	0.4485108845362766	0.9525847345808126
2	121	0.44594846363718654	0.9336757112811082
3	1	1.6766516723796165	1.315408332662268
3	2	1.3231451719586067	1.1889668692162623
3	3	1.2433460420316622	1.2330645538948395
3	4	1.1919643949674743	1.1678633414782011
3	5	1.1437779873439382	1.1320929341700487
3	6	1.1155253723385283	1.0890091234074408
3	7	1.0566585113280749	1.0579262168416173
3	8	1.0323678687287776	1.0669695779735788
3	9	1.0156211665851258	1.0495452559911287
3	10	0.9675828651395941	1.069851245853927
3	11	0.9533318047811312	1.0135300147446085
3	12	0.9299781063349757	1.0309592903533698
3	13	0.901743642742735	1.0163633483888466
3	14	0.8851455655708593	0.9866576259171133
3	15	0.8657317741441299	1.0873353820799034
3	16	0.8536642671336357	1.0043383891329223
3	17	0.831162671462844	1.0238143447991257
3	18	0.8178636205867298	1.016970028807392
3	19	0.7961278928118662	0.9918953430303287
3	20	0.8274486880220753	0.9813493462927613
3	21	0.7604555054818437	1.0215104658961733
3	22	0.7591354579195307	0.9843026791518424
3	23	0.7518923233398411	0.9864184571491493
3	24	0.7458360597953128	0.9791711543724214
3	25	0.7267398184095472	0.9652123701223086
3	26	0.7178086734955695	0.9957101634352199
3	27	0.7060698402307162	0.9881988244178967
3	28	0.6861854999722703	0.974402231283677
3	29	0.6866453302139948	0.9842649089111076
3	30	0.7135289323927917	0.9816426018000523
3	31	0.655355297053327	0.9808045442287738
3	32	0.6494541311147357	0.959594998276714
3	33	0.6505044741133686	0.9688672757410741
3	34	0.6389331841388592	0.9791243928911049
3	35	0.6414844275651224	0.9737919596307006
3	36	0.6812221281607233	0.9737017319534288
3	37	0.611770333251255	0.9747649355904087
3	38	0.6126145177914307	0.9741228942251031
3	39	0.6251439200516723	0.9844893043512827
3	40	0.6153726678396322	1.001727820316077
3	41	0.5959222697778978	0.97756506333421
3	42	0.5995400240903092	0.97018472746615
3	43	0.5894119493833471	0.9908658555357448
3	44	0.6042564934450787	0.9621327843639876
3	45	0.5792430605964209	0.9776791687850114
3	46	0.5769093135830629	0.9872099294330611
3	47	0.5673294426542121	0.966546356896341
3	48	0.5696101059459551	0.9648291252471588
3	49	0.5687939693291366	0.9776577978998751
3	50	0.5635538235318894	1.0047479079756545
3	51	0.562552122463021	0.9772985001186748
3	52	0.5538165168274577	0.9999101677220383
3	53	0.5939203179205903	0.9795594051644042
3	54	0.5329652186695845	0.9764629202884633
3	55	0.536765738671454	0.9723891901882576
3	56	0.5382894648825461	0.9670505552064805
3	57	0.5369846251767378	1.0393916138144204
3	58	0.5337612928783135	0.9766720036665598
3	59	0.5301797877310442	0.9883418769845159
3	60	0.558051056588649	0.9906886182861887
3	61	0.559149349238997	0.9648611628528916
3	62	0.5071599286225842	0.9973680827862177
4	1	1.6364200850055641	1.2393623425260833
4	2	1.3137606238521558	1.1949301221664401
4	3	1.2497198030676793	1.1825884807368983
4	4	1.1881546530149139	1.2301047974522563
4	5	1.1396406676311055	1.121598377931809
4	6	1.09616990638394	1.091349735532118
4	7	1.059902500556324	1.0559427137824073
4	8	1.0206115818571218	1.0471435642760734
4	9	0.9956941410334815	1.032911524284577
4	10	0.9658433033587182	1.0110527495111243
4	11	0.9389339735750994	1.0032042843708093
4	12	0.9144007683304604	0.9716916860661645
4	13	0.891740831117972	0.9983974325916042
4	14	0.9071875968280096	0.9521598716576894
4	15	0.8433473323209933	0.9657583143832027
4	16	0.8403433477393473	0.9799297598824985
4	17	0.8308630607764055	0.9833952759703001
4	18	0.811439901674399	0.9861263989106469
4	19	0.8097915684355544	0.9575767198550529
4	20	0.7739843013159793	0.9478781877652459
4	21	0.7627664419381874	0.9601382831300515
4	22	0.7595452095331635	0.9641969812952954
4	23	0.74487188273529	0.9423163552647051
4	24	0.7329702067408804	0.9211559240584788
4	25	0.7118517541770105	0.9711439014560934
4	26	0.7055594520665868	0.9628112643309261
4	27	0.7005332215936024	0.9371182922867761
4	28	0.6872354490467851	0.9607067054164582
4	29	0.6744713742439061	0.9585215897447821
4	30	0.6648431583866777	0.9616542834302654
4	31	0.6579657793765487	0.9190628183060798
4	32	0.6441023477940767	0.9435449290102806
4	33	0.6900609216137243	0.9258109840793886
4	34	0.6180253996964811	0.9503262346421463
4	35	0.6176478599680709	0.9471140758714814
4	36	0.6197964672260377	0.9269052101434141
4	37	0.6092745932682112	0.9548151062234588
4	38	0.6096968737931429	0.9391098998594976
4	39	0.5996056417187887	0.9602742275034172
4	40	0.5969673464799676	0.938728962795458
4	41	0.5948705536513729	0.9534694457399673
4	42	0.5798296940413143	0.9412651159193205
4	43	0.567753343903711	0.9630184816061587
4	44	0.5741211710187046	0.9485559354441754
4	45	0.5663799608094763	0.9591294860710269
4	46	0.5659100946089993	0.9458401590801667
4	47	0.5557238735156517	0.935407304569431
4	48	0.5869555931529338	0.9489066880466281
4	49	0.5575113938843694	0.9611026123166084
4	50	0.5359756727368961	0.9390751057560893
4	51	0.5422453771343066	0.9262328076621761
4	52	0.540446185464104	0.9527130935719048
4	53	0.5403142121112414	0.9308910719726396
4	54	0.5368440277952518	0.9568497524529264
4	55	0.5293629903955674	0.9435371182103088
4	56	0.5364019847523772	0.9435726456020189
4	57	0.5321111956447675	0.9508101715557817
4	58	0.5147302996046018	0.9589091199247733
4	59	0.5206141828602115	0.9549432285669921
4	60	0.5170312264902662	0.9359343750537306
4	61	0.5122021329585436	0.9351499475862669
5	1	1.6360660332769783	1.3329756298932163
5	2	1.31565967517357	1.2736171046170321
5	3	1.2475245387159057	1.2251364931193265
5	4	1.1912002746178807	1.156524173671549
5	5	1.141367799012259	1.1055796031518417
5	6	1.0975293255436749	1.0741814812746915
5	7	1.058042805418493	1.0791497934948315
5	8	1.0262406413689424	1.0763556298342618
5	9	0.9921675719429454	0.999069403626702
5	10	0.9705287558139819	1.0300338262861426
5	11	0.9395345449809896	1.0419074082374573
5	12	0.9191960238367077	0.9914852832664143
5	13	0.8918539207772845	1.012138988863338
5	14	0.8704075977399438	0.9978215503692627
5	15	0.854140657816849	0.9847355864264749
5	16	0.830217237760897	0.9939567084745927
5	17	0.835720218548995	1.1078584336150776
5	18	0.7986289747723497	0.9791712226650932
5	19	0.7835977957666983	0.9814249004017223
5	20	0.7737630548278651	0.9801031862063841
5	21	0.7597531190132979	0.9779484278505499
5	22	0.7440767894035607	0.963171165802262
5	23	0.7319696706808754	0.9631766976009716
5	24	0.7151631222527649	0.972759452082894
5	25	0.7063487844128084	0.9677014798467809
5	26	0.6968066085196392	0.9756418084827336
5	27	0.6861267049994616	1.0140367237004366
5	28	0.6772555981127234	0.991757089658217
5	29	0.7294768161129817	0.9615979633548043
5	30	0.6505809327590504	0.9512394539334558
5	31	0.6539485461502736	0.9730619921467522
5	32	0.6424383863963706	0.963150601468303
5	33	0.6330378815423051	0.9634055138176137
5	34	0.6297526117202915	0.9773910187591206
5	35	0.6218889762664054	0.9480237229303881
5	36	0.6199255400009731	0.9641356665437871
5	37	0.6095132438022178	0.9580356116186489
5	38	0.6062308001895005	0.9711252391338349
5	39	0.5944305641615893	0.9757850810614499
5	40	0.5894916954916726	0.9768511972644113
5	41	0.5858492773008115	1.0132758938182485
5	42	0.5809340534770991	0.9722697447646748
5	43	0.5753535057208237	0.9674137630245903
5	44	0.5899948455948787	0.9652668291330337
5	45	0.5932639023920029	0.959320900331844
5	46	0.5569654799683844	0.9489080567251552
5	47	0.5568389862751651	0.9801326371322978
5	48	0.565650634389111	0.9703405657681552
5	49	0.5489987197786425	0.999357232613997
5	50	0.5593295246845706	1.2957125837152654
5	51	0.5697336449941418	0.9582315987890417
5	52	0.5307650421074376	0.9613726165077903
5	53	0.5348795523543992	0.96046382188797
5	54	0.5385951019726947	0.9607202012972398
5	55	0.5356384282826024	0.9788491373712366
5	56	0.5324684425258656	0.9769079168276353
5	57	0.5267671155992358	0.9631760791215029
5	58	0.5235287130325791	0.945954947796735
5	59	0.5224002093209537	0.9848827467723327
5	60	0.5219313136122312	0.9736011304638602
5	61	0.5129788250902387	0.9662046021764928
5	62	0.5168686623487325	0.946776454557072
5	63	0.5142389393775351	0.9555385011976415
5	64	0.5097538195188177	0.9823042878237638
5	65	0.5082254461895801	0.9668754004348408
5	66	0.5095622545437256	0.9409676284139806
5	67	0.5014545470838415	0.9662828972122885
5	68	0.506713503250185	0.9501502140001817
5	69	0.49849609332687467	0.9538651922616092
5	70	0.49563340096458236	0.9597735102610154
5	71	0.49320507370768724	0.9718793935125525
5	72	0.4946363641302338	0.9777705258672887
5	73	0.4873639900400341	0.9701058586077257
5	74	0.4903875710910588	0.9618035591732372
5	75	0.4838433057625251	0.9698021730509672
5	76	0.4885156592852293	0.9475244114615701
5	77	0.48474186789274604	0.9963200629841198
5	78	0.4900749848440072	0.9871448519013145
5	79	0.48156479100668065	0.9773999653079293
5	80	0.48121805561516234	0.9661268520355225
5	81	0.47836381149881274	0.9513059970465574
5	82	0.48185188259863004	0.9747196724198082
5	83	0.48648486899233134	0.9540817904472351
5	84	0.47274746747032365	0.9651212730190971
5	85	0.47405371373606847	0.9568558653376319
5	86	0.47388597585055586	0.9631993213566867
5	87	0.4678454465403356	0.9954073600335555
5	88	0.4771109335366003	0.9845886374603618
5	89	0.47067836848369876	0.956392686475407
5	90	0.47293023584558475	0.9558848335526207
5	91	0.46576269892930405	0.9583567737449299
5	92	0.4656126245711379	0.9848700278455561
5	93	0.4691900508161302	0.9816613978689367
5	94	0.46831268221864436	0.9588987192240628
5	95	0.4628518952880918	0.9468346764824607
5	96	0.4599588498642224	0.9973303944414312
6	1	1.6543461614454344	1.2943839474316061
6	2	1.308458164661662	1.1824927443135393
6	3	1.2314517024549845	1.1670195767044151
6	4	1.1858912699464088	1.1509016383520878
6	5	1.1401847125287945	1.1207184824195222
6	6	1.0946985331126788	1.1666116076011728
6	7	1.0715290732117957	1.0970233350339598
6	8	1.0315681998811184	1.0354468880126075
6	9	1.0029146393035078	1.079025743434029
6	10	0.9822736547621796	1.0760162668506594
6	11	0.9732790019475318	1.0303005221551351
6	12	0.9271385143499631	1.03135751611995
6	13	0.9104061810052715	1.065340336004313
6	14	0.8948934679597834	1.0300835153482255
6	15	0.8753518092501348	1.0136467739395851
6	16	0.8639142804266089	0.9964594872546022
6	17	0.8410873971909794	1.0433279689211046
6	18	0.8191755632373547	1.0377254986414943
6	19	0.8023311631455472	1.0106367321997662
6	20	0.8141304123707183	0.9748216460656075
6	21	0.7666570945689114	0.9798102565925487
6	22	0.7580681759182082	0.996363552817463
6	23	0.7517625444104169	0.9890570330576305
6	24	0.7341547253245353	0.982668320954281
6	25	0.7249072110318284	0.9866250855644254
6	26	0.7114069423872441	1.0059912461433969
6	27	0.6993275766478407	1.0206509758956241
6	28	0.6943124562647403	0.9868419684850387
6	29	0.6682262150093343	0.9877925606539649
6	30	0.6671047006878453	0.9926787429917467
6	31	0.6604763514463061	0.9857831864896482
6	32	0.6486199653977975	0.9960582509745647
6	33	0.6450579439095117	1.0120174343133495
6	34	0.6227279180150094	0.9981814745786416
6	35	0.6274616605957608	1.0360896728769706
6	36	0.6113417753123771	0.9773136099977214
6	37	0.6109115937262458	0.9786330363611235
6	38	0.6303503027260061	0.9787730105819493
6	39	0.5944120369493913	0.9964950899355602
6	40	0.6360063189966491	0.9729998174810062
6	41	0.5741756474091524	1.0141452537835949
6	42	0.5789485244585112	0.9849710392690924
6	43	0.5843194443959837	1.0042928856437223
6	44	0.5709636701836248	0.9752541420451046
6	45	0.5667730810998222	0.9862005057996207
6	46	0.5639974110077027	0.9762360858221124
6	47	0.5834364643043091	0.9979083236769168
6	48	0.5481137839684747	0.9848086108473966
6	49	0.5445161263713806	0.9758280813694
6	50	0.5452451613361123	0.9725514328392753
6	51	0.5402416788872129	0.9778699221184654
6	52	0.5418189702247875	0.9878984435196341
6	53	0.5421342606814631	0.9784864348216649
6	54	0.5447203640510049	0.9967216413169011
6	55	0.5301652205266828	0.971237206654827
6	56	0.5258247173225327	0.9667379781059975
6	57	0.5194087672866486	0.9806121324535704
6	58	0.5480905322886949	0.9597529199001563
6	59	0.5070710061368077	0.9887726989975811
6	60	0.5100961206912801	0.9769322885213977
6	61	0.5186686381649156	0.9804296574018297
6	62	0.5116071934327544	0.9810440010615509
6	63	0.5087240436292452	0.9901078223747058
6	64	0.5053363280557247	0.9713362727287042
6	65	0.5050580179768912	0.9595669745093715
6	66	0.5133129101795234	0.9855321105161723
6	67	0.4997122508054637	0.9792975279754096
6	68	0.49134242702563474	0.9847064209680487
6	69	0.5084524576963692	0.9757455320906465
6	70	0.48632351027163573	0.9775247558625075
6	71	0.49081531989079746	0.9735369371236676
6	72	0.487232111036729	0.9777938523431764
6	73	0.5040023855446703	0.9617550711344628
6	74	0.48000964098606197	0.9513466285310522
6	75	0.48739788661869293	0.9789161259022943
6	76	0.4808044533379394	1.0053075162598686
6	77	0.47932471688366984	0.9759273518175975
6	78	0.49128927849384707	0.9590086608472532
6	79	0.4757542597013241	0.9872554923496107
6	80	0.47142097033845204	0.9894503623682217
6	81	0.4979854986629319	0.9663916790354861
6	82	0.4673335631328739	1.013251019655353
6	83	0.4763621764274222	0.9703718340092332
6	84	0.47416888433830634	0.9616166532692247
6	85	0.46715115623031817	0.9744682184753627
6	86	0.47088230487362365	0.967926467748454
6	87	0.4719789225071596	0.9679690479797168
6	88	0.46398421299346004	0.9764479843586901
6	89	0.4672814596223094	0.9910981414744454
6	90	0.46827795106138614	0.9464893357379593
6	91	0.46382086497312447	0.9726321832106931
6	92	0.4590246300019803	0.9710098483266622
6	93	0.46187098997215414	0.9764566093030638
6	94	0.45922120141003364	0.9830687593152053
6	95	0.45852385281886	0.9654582689930923
6	96	0.45617365170242924	0.9707109482183943
6	97	0.45600254911295857	0.9651751359448816
6	98	0.45866959349860786	0.9707713962471398
6	99	0.452946365576774	0.9804352810130502
6	100	0.4531285023366755	0.970840654886552
6	101	0.45845422454548135	0.9646308019648503
6	102	0.4606730205963985	0.9621637971514333
6	103	0.443617441681607	0.9663488836619105
6	104	0.44820822093960133	0.9746183073216111
6	105	0.44837601691411705	1.0017081576324727
6	106	0.4506949712200268	0.9663806515235971
6	107	0.4443899751606756	0.9839786013765056
6	108	0.4494555482324107	0.9661569408256642
6	109	0.4448550325265932	0.9606012365896336
6	110	0.4465470129186007	0.9811837004266516
6	111	0.4461088362350708	0.9720986604037947
6	112	0.4453528158978974	0.975712784341652
6	113	0.4424874331708164	0.9729586909287167
6	114	0.44157113726542574	0.9402092402107525
6	115	0.4454806207082832	0.9601294788783484
6	116	0.446820822501202	0.9884478727178853
6	117	0.4370078110993151	0.9591075327709644
6	118	0.44145674220277975	0.977044712452993
6	119	0.44073387597323044	0.9697171405066539
6	120	0.43840694439008626	0.976819718732451
6	121	0.44339003683082256	0.9654623131899938
6	122	0.44139077282829725	0.9633658763265958
6	123	0.4373909301140427	0.9524613687374296
6	124	0.4296311350180135	0.9453940050010263
6	125	0.441305550153271	0.9760980705057618
6	126	0.42751774433742606	0.9676524601931119
6	127	0.43885176460295794	0.9696807540463706
6	128	0.4391722232952071	0.9598818982604647
6	129	0.42908539556033537	0.9673816347426741
6	130	0.4343994937176332	0.9601247995874308
6	131	0.4372005446460113	0.9692326460278382
6	132	0.4340536772804691	0.969449462464256
6	133	0.43436759221689597	0.9695478302501414
6	134	0.4305461496660339	0.95758151040025
6	135	0.43126577009167294	0.9734325828778483
6	136	0.43131916008532	0.9555750413097605
6	137	0.42487780055663177	0.9677078745660991
6	138	0.43008406904046376	0.9499262395131327
6	139	0.42600772351002286	0.9665322652915969
6	140	0.42991011947441915	0.955603597590523
6	141	0.4291434811141745	0.9531643731098105
6	142	0.42615742978402715	0.9747417401658357
6	143	0.4233163202604305	0.9690283704413115
6	144	0.42601476917672293	0.9799092316279446
7	1	1.6358604394066087	1.2892684424228043
7	2	1.3125625111529282	1.2755496489958171
7	3	1.236676908632564	1.226887756890624
7	4	1.1826369627043696	1.1884611938556615
7	5	1.1265938232322203	1.1142858245076925
7	6	1.1063443186589497	1.119538103903297
7	7	1.035362112650594	1.0633770286166755
7	8	1.014305748109073	1.0855395893980986
7	9	0.9907403857897529	1.00650194314492
7	10	0.9564582735675774	0.9933144823804388
7	11	0.937188130016005	0.9905757613099404
7	12	0.9097377972759916	0.9659302638177454
7	13	0.8844355867494651	0.9535913079106895
7	14	0.8696254087977896	0.9704842572882227
7	15	0.8510249441791812	1.1799285727260758
7	16	0.8356992154889302	0.9418414723481575
7	17	0.8122175743105742	0.9453578214467007
7	18	0.7947029589564396	0.9562708894266699
7	19	0.7865866899441878	0.961186340744913
7	20	0.7715659585727236	0.9696735698376259
7	21	0.7561686103690102	0.9938084103003906
7	22	0.748476281016762	0.9429324807150521
7	23	0.7292287585913723	1.0984659770326892
7	24	0.7283749859499805	0.9529907144062275
7	25	0.6967550860206593	0.9303814419647203
7	26	0.695952691128701	0.9746473996091063
7	27	0.6929219144480943	0.9607574978884119
7	28	0.6772786066960202	0.9643872837080573
7	29	0.667266279877129	0.9945685114086109
7	30	0.6517853356197919	0.9421139301827354
7	31	0.645249537478234	0.9551309028463643
7	32	0.6489588428241735	0.901576478007066
7	33	0.6368925535021976	0.9374695999180749
7	34	0.6371556446774309	0.9499601299745323
7	35	0.6098952662925402	0.9400325734032332
7	36	0.6092607204617888	0.9445665679926419
7	37	0.6083281547037166	0.9769496075863385
7	38	0.599343062531856	0.952456935478823
7	39	0.5985057402209762	0.9376283744825934
7	40	0.5882521558699931	0.9331503319044183
7	41	0.5813533848574997	0.9422744684410791
7	42	0.6068473778977148	0.9386561293780369
7	43	0.5640112871607904	0.9429291184366184
7	44	0.5614506453154484	0.9241573114464753
7	45	0.564999071944046	0.9563276793834937
7	46	0.5571799606460534	0.9188948766375981
7	47	0.5547300683756387	0.9348398430721603
7	48	0.5487109281913495	0.9589600681606001
7	49	0.5429170799841965	0.980985780729212
7	50	0.5468489935590563	0.9505188938257468
7	51	0.536629387127912	0.9521512478372477
7	52	0.5342672101459449	0.9516629798568949
7	53	0.5317291692596182	1.0098595229813652
7	54	0.5379510618058488	0.9575672934960274
7	55	0.542737338451071	0.9185535155617408
7	56	0.5131353804884814	0.9343896944374934
7	57	0.5148741409649157	0.9196921443417124
7	58	0.5403579307516303	0.9631688024875892
7	59	0.512041919033379	0.944621736333318
7	60	0.5057011957985931	0.9315787057263137
7	61	0.5239452638486479	0.9259339299080146
7	62	0.4984177722284686	0.9288678139883236
8	1	1.6605711862167816	1.2740301735834643
8	2	1.3242430990515164	1.2243605221401561
8	3	1.2547175165810889	1.2601864071325821
8	4	1.1963914789879813	1.1403740626031702
8	5	1.151784300972785	1.1311204836585305
8	6	1.108140022176933	1.115713167407296
8	7	1.0693008274972293	1.0836002265323292
8	8	1.035649702627522	1.0589897283640775
8	9	1.025233258209406	1.0163441788066516
8	10	0.9733030721123602	0.9975975640253587
8	11	0.94953338260986	1.0179127195748416
8	12	0.9255845181963187	1.0058755799857053
8	13	0.9075909723725739	1.0204083652929825
8	14	0.8884010842444922	1.0233627059242942
8	15	0.8659938687433036	1.0134134956923397
8	16	0.8439390528028592	1.0200857138633728
8	17	0.8313867952147606	1.0200657858631828
8	18	0.8135088290974029	1.0344512873346154
8	19	0.7919873314801974	1.0018327897245234
8	20	0.7712830644923059	0.975120914849368
8	21	0.758448739324545	1.0067561852931977
8	22	0.7633267582643388	0.96504729997028
8	23	0.7208073285431658	0.9719324171543121
8	24	0.7174302992097004	0.9916318316893145
8	25	0.7118381269294212	0.9734280231865969
8	26	0.6928129057635583	0.9973847323114222
8	27	0.6970198092531946	0.9885937442562797
8	28	0.7458485168440263	0.9675828878446059
8	29	0.6631535555905359	0.972006773515181
8	30	0.6552589211067849	0.9713338768482208
8	31	0.6455875176186512	0.9725328626415947
8	32	0.6510827336083908	0.9835550984469327
8	33	0.6347332945275711	0.9760139427401803
8	34	0.6337291318908177	0.9800062908909538
8	35	0.6251685945926988	0.9771600729768927
8	36	0.6217447307349312	0.9705516547506505
8	37	0.6149549065526686	0.9810085357319225
8	38	0.6716544325602758	0.958229486617175
8	39	0.5906847313215102	0.9707804386182265
8	40	0.5862045851788312	0.9742611370303415
8	41	0.5925578056091537	0.9767554152011871
8	42	0.5787241130934768	0.9774512880498712
8	43	0.5878242242512148	1.0038149178028106
8	44	0.5758441957489271	0.9791263966126875
8	45	0.5879221146951882	1.0089664122191342
8	46	0.5641161691617271	0.9589646426114169
8	47	0.5570497940397591	0.9833252967487682
8	48	0.5537554044562574	0.9658958195556294
8	49	0.5531350012835515	0.9730198622833599
8	50	0.5436733058362404	0.976490586454218
8	51	0.5452100651499815	0.9677128074385903
8	52	0.5453564771778562	0.9736127912998199
8	53	0.5557069712549617	0.9636392973769795
8	54	0.5189560786877415	0.9638453922488472
8	55	0.5266448411798419	0.9744338016076521
8	56	0.5315338645639348	0.9612189500982111
8	57	0.5308584602024157	0.9768202869458632
8	58	0.5223718901061684	0.9662343170426109
8	59	0.5310990710892597	1.0276931456002323
8	60	0.5602449732459931	0.9548256266117096
8	61	0.5031077125039713	0.9760886361382224
8	62	0.509070870610332	0.9556248552148993
8	63	0.5142635429276511	0.9658200271563097
8	64	0.5088858318273445	0.9516002896699038
8	65	0.5092601337460326	0.9776600149544803
8	66	0.5065603415958324	0.9736661966280503
8	67	0.5129025895012996	0.9613441684029319
8	68	0.5035016594835607	0.9811136266318234
8	69	0.502632526224577	0.9545816668597135
8	70	0.5640399650088606	0.9663348630341616
8	71	0.49111346177389376	0.9464533589103005
8	72	0.4868361275814769	0.9900944710861553
8	73	0.4951540949357645	0.9577607942711224
8	74	0.49551551095785973	0.9567627038738944
8	75	0.49029989287606535	0.9760665389624509
8	76	0.4937729061300367	0.9736628070744601
8	77	0.48668252195479317	0.9670680883797732
8	78	0.4924500845523255	0.9583459727330641
8	79	0.4835821498025784	0.9817293298244476
8	80	0.47770415062179655	0.9597578335892071
8	81	0.4797846988963811	0.9787156450748443
8	82	0.48030204885460814	0.9560415724190798
8	83	0.48017120861848134	0.9783037385073575
8	84	0.47922973522710144	0.9628801732713526
8	85	0.47500759678785126	0.9496656544642015
8	86	0.4717152628839835	0.956409833647988
8	87	0.47841766813623876	0.977531108639457
8	88	0.4726405792727332	0.9577644804390995
8	89	0.46911234885044606	0.9960123142329129
8	90	0.47864525115889894	0.9656846904754639
8	91	0.47014147035398113	0.9627202488075604
8	92	0.47335199403998923	0.9669318774613467
8	93	0.4676686353023821	0.9452817436781796
8	94	0.46403394100424156	0.9608126318454743
8	95	0.4638270362308166	0.951802642995661
8	96	0.46303184178380014	0.9587087208574468
8	97	0.45693842425834	0.9595552741397511
8	98	0.4567106064520445	0.9638045348904349
8	99	0.45690329429500026	0.94480479944836
8	100	0.468862748299044	0.9486632148786025
8	101	0.460019150277541	0.9473639891364357
8	102	0.45708360859677016	0.9557683991302144
8	103	0.4586059900487057	0.9392001080513
8	104	0.4569623415375681	0.96630047342994
8	105	0.45399571307117936	0.9862488671866331
8	106	0.44619912716500587	0.9584635462544181
8	107	0.4490905594360761	0.9640636139566248
8	108	0.4592001639131875	0.9461882732131265
8	109	0.4468503868208841	0.954923999634656
8	110	0.4656187640555751	0.9456181838295676
8	111	0.44023728882028096	0.9449033289605921
8	112	0.44655111083940047	1.02220175428824
8	113	0.448493074393841	0.9538067884878679
8	114	0.45011989630776833	0.9542320862683383
8	115	0.4486428550237499	0.9444076866453344
8	116	0.44487095638663904	0.9538754051381891
8	117	0.4445152384625776	0.9438629475506869
8	118	0.4406829161348127	0.9573220199888403
8	119	0.44376029334992484	0.9603526695208116
8	120	0.4479481753386503	0.956595023653724
8	121	0.43037663135758886	0.9668737459182739
8	122	0.4420606183097453	0.9601703218980269
8	123	0.44252774960804875	0.976731675754894
8	124	0.43996332003979693	0.976000665101138
8	125	0.44525793945249664	0.9466272397474809
8	126	0.43028891400984437	0.9512089105085894
8	127	0.4411070763992512	0.9430285893787037
8	128	0.44330533372845105	0.9486484836448322
8	129	0.43597053023914994	0.973875218521465
8	130	0.4389656287291981	0.9518620213595304
8	131	0.4360162804901552	0.9471700401739641
8	132	0.43888781099258745	0.9662034872445193
8	133	0.43461435948323124	0.9505219488794153
9	1	1.624657028973222	1.3670214711547755
9	2	1.3114288275370856	1.2418570008209284
9	3	1.2360419016801762	1.1952022161843965
9	4	1.1820712094674846	1.1379401947525765
9	5	1.132754328721511	1.1121878274481931
9	6	1.088305476934972	1.1148880898094864
9	7	1.0475521741266958	1.0734719460387883
9	8	1.013476226755039	1.0413244963764288
9	9	0.982130704482715	1.0461276786790477
9	10	0.9528404420865084	1.041342224898956
9	11	0.9338430581804745	1.019066611211077
9	12	0.9090579343104888	1.0208357026894315
9	13	0.88180945293459	1.0398441437337038
9	14	0.8660481057210054	1.008041720810554
9	15	0.8664082943079228	1.039466766359137
9	16	0.8350673081640729	1.0190931659379452
9	17	0.7980223445830221	0.9884465678775911
9	18	0.7960548623410877	1.011054605031185
9	19	0.7755922174286508	1.0114861870412346
9	20	0.7649412943151049	0.9552257896112881
9	21	0.7561004947325988	0.9908683029867762
9	22	0.7415908025715776	0.9940933059874199
9	23	0.7323096653203927	0.9777922121097715
9	24	0.7131484572896977	0.9695371421549818
9	25	0.7068230908237144	0.979764822790091
9	26	0.7188934789153044	0.955571302514282
9	27	0.6821120173873787	0.9561077027226523
9	28	0.6689237656060584	0.9688606428371059
9	29	0.6699372286787014	0.9796743573044702
9	30	0.6632845163345337	0.9712672740649834
9	31	0.6519515080299072	0.9582514406965791
9	32	0.651330667280243	0.9780912468973681
9	33	0.6335167555746908	0.9639871047555114
9	34	0.6910520457731698	0.9619690303107817
9	35	0.6270850701895888	0.9591537119030095
9	36	0.6016680801619508	0.9367198640708443
9	37	0.6040165630753389	0.9540919399947572
9	38	0.6073705311946735	0.9866288159605411
9	39	0.6025537660401427	0.9719538597537459
9	40	0.5953527251919191	0.9618404835676976
9	41	0.5866921484231471	0.9679553460517376
9	42	0.5809502510066501	5.156296700346384
9	43	0.6098992040556275	0.9613959900766825
9	44	0.562252617389979	0.9714323180399352
9	45	0.5605899709439229	0.962887483535053
9	46	0.5672169204405649	0.9658867080005811
9	47	0.5576142225033773	0.9486804251833786
9	48	0.5847196819787035	0.9646341606652994
9	49	0.5405772672566718	0.9754910008084002
9	50	0.5455729013753081	0.9582535615927882
9	51	0.5462257940329627	0.9600507401519542
9	52	0.5435573849685207	0.9730651114913199
9	53	0.567883480831473	0.9576073969654042
9	54	0.5259059963878505	0.9457584427629443
9	55	0.5318576348628214	0.9701865006693833
9	56	0.5392307541293945	0.9501574414668323
9	57	0.5295893884015704	0.9654280197062939
9	58	0.5190537646144091	0.9732896687744332
9	59	0.5254081493807221	0.9629081877873098
9	60	0.5227587662682027	0.9649564371906596
9	61	0.5177085078610686	0.9628601886814446
9	62	0.524352454685257	0.9702598288548079
9	63	0.5126747879272472	0.969715246086498
9	64	0.504206224409994	0.9640283277995295
9	65	0.511886228635937	0.9780437175532897
9	66	0.508702718709896	0.9840729448863929
10	1	1.6503388757012725	1.2327164161849666
10	2	1.317436380330732	1.2215235690410073
10	3	1.243557093714665	1.182647056877613
10	4	1.1874665946014564	1.1324164873442135
10	5	1.1489948765971005	1.1105350584194467
10	6	1.091922035834595	1.0666193650985085
10	7	1.0554782868080734	1.0418160522507656
10	8	1.0299293628837487	1.0393617580065857
10	9	1.0008193794169284	1.0437781626509655
10	10	0.9747893749167943	1.0606120327437245
10	11	0.9444237055744482	1.0075351752944894
10	12	0.9184706783439045	0.9858195539060477
10	13	0.8997279441965463	0.9722867832594627
10	14	0.8772189149921924	0.9466295178878952
10	15	0.8555485845798395	0.9407445474250896
10	16	0.8382988730365067	0.9591105296402365
10	17	0.8187518642443802	0.9475972134922002
10	18	0.8000835000383106	0.9740430598927511
10	19	0.7872875244645217	0.9474531338625664
10	20	0.7786646533563	0.9423354808744546
10	21	0.7621618640169129	0.9490356025462215
10	22	0.7650563404204654	0.917609210956741
10	23	0.7655680417186373	0.9339932383516351
10	24	0.7223692661933978	0.9823736787043713
10	25	0.7444281473985257	0.9252353025650656
10	26	0.7022606906163885	0.9180739065883933
10	27	0.6954295465451992	0.944420499072687
10	28	0.6899321769251217	0.9858680926263332
10	29	0.6802579350839465	0.9187284341535052
10	30	0.6709275730583751	0.9485165570434686
10	31	0.6586247087504199	0.935678085362589
10	32	0.6561530444839598	0.9539423933303034
10	33	0.682488121537172	0.9340246300640944
10	34	0.6346181076785204	0.9395685049931746
10	35	0.630243492101844	0.9447498680973375
10	36	0.6355178162785701	0.9251903972110233
10	37	0.6222440806985842	0.9261939825641142
10	38	0.6136742177497354	0.965840656713054
10	39	0.6091150501158915	0.9276114951919865
10	40	0.6103415094201295	0.9327859470771777
10	41	0.5995621759496235	0.9347449584385833
10	42	0.5908424535663425	0.9395817240347734
10	43	0.5906818459412678	0.932173672962833
10	44	0.57816680954714	0.9275372139102703
10	45	0.5783173883214195	0.9339462344509524
10	46	0.5696971365888899	0.9526398770913884
10	47	0.6158687224177279	0.916232507071785
10	48	0.5485141310607228	0.9148745788513003
10	49	0.5521710999995482	0.9286863834068582
10	50	0.5543017621847011	0.9349187207785813
10	51	0.554876997087667	0.9448407750476051
10	52	0.5466032239265385	0.9374242422951234
10	53	0.5475136403118898	0.9234119499655994
10	54	0.5453685606517517	0.9436758428409293
10	55	0.5397214786314982	0.9261708239445815
10	56	0.5359526118581853	0.9755231207488356
10	57	0.5295963016748876	0.9732169666000314
10	58	0.530579005378196	0.9195065325176394
10	59	0.531324179989254	0.9307039845231417
10	60	0.5216746214053997	0.9250077981803868
10	61	0.5189499256421066	0.9197489947483346
10	62	0.5417489761355851	0.9272247489441086
10	63	0.5067857047903148	0.9270458986630311
10	64	0.5050490876723401	0.9147685943423091
10	65	0.5172232508748893	0.92786660035317
10	66	0.5061369111136839	0.9148643788050961
10	67	0.5069280599030256	0.9552393827486683
10	68	0.5070321249012835	0.9269200843330976
10	69	0.5081664517415542	0.9244424317132782
10	70	0.4988856090626522	0.9292796645816919
10	71	0.49875817666969663	0.9299082854712332
10	72	0.49407813492413977	0.9176037373977739
10	73	0.5013317582506995	0.9394758129240693
10	74	0.5006007372974857	0.910306871239398
10	75	0.48779545695854226	0.9493261657252505
10	76	0.49004949080935106	0.924301634970549
10	77	0.49224869853743836	0.9149663058688512
10	78	0.4930166368013569	0.9247448543036306
10	79	0.49042728528173357	0.9223712575999466
10	80	0.4856896271472402	0.911918242537492
10	81	0.49000196025709974	0.9300192631781101
10	82	0.4744298235785008	0.9063272597016515
10	83	0.48095195819079944	0.9027266163076904
10	84	0.4828074205494715	0.9293188369153319
10	85	0.48760451168000946	0.9337742432347826
10	86	0.47405132168706	0.9063303041699771
10	87	0.47439142589926314	0.9236682181221407
10	88	0.4717523156071779	0.9312201489669245
10	89	0.4732608315788442	0.9183675936750464
10	90	0.47067891330735556	0.9338423087186104
10	91	0.474164996890703	0.9373668750395646
10	92	0.47150215279650876	0.9214103097045744
10	93	0.4672873059705241	0.9375216581330106
10	94	0.46363851094532404	0.9644492012826172
10	95	0.4698732541751647	0.9377978397785006
10	96	0.45878302747152194	0.9075085303267917
10	97	0.4614690589699985	0.9126226137820128
10	98	0.4666266478947845	0.9280049515938437
10	99	0.46575281150999975	0.955531874117819
10	100	0.46229064231790906	0.9150028231780272
10	101	0.45536166211849666	0.9303807633350024
10	102	0.4598562348461939	0.9653067411603155
10	103	0.4568721756781128	0.9182973579579109
10	104	0.4595384218954207	0.9181805876259869
10	105	0.4541712645756048	0.9214716732904717
10	106	0.4531081011207579	0.9262090257897571
10	107	0.4559695099949434	0.9089936389512306
10	108	0.4500700752906588	0.9239538609981537
10	109	0.45235749992422714	0.9027289695836402
10	110	0.4509974461590219	0.9147932845595721
10	111	0.4531814522427128	0.9343135466648115
10	112	0.44964740891743993	0.909142213697369
10	113	0.45217633761613835	0.9127511644886958
