fold	epoch	train loss	valid loss
1	1	1.6866181960732045	1.2710990147157148
1	2	1.32894155669694	1.226815433285453
1	3	1.2604008852713036	1.1528487092798407
1	4	1.2041168628196524	1.196440790349787
1	5	1.1516838497706134	1.1497159151597456
1	6	1.104423241494882	1.1161539207805287
1	7	1.0587109039166962	1.0914308429848063
1	8	1.033702556015265	1.0613986372947692
1	9	1.005754264966406	1.0612021926316348
1	10	0.9692681683313967	1.0257391522147439
1	11	0.9447195304162574	1.0696651192144915
1	12	0.9196032604906295	1.0502409030090678
1	13	0.9022937827941143	1.0211894340948624
1	14	0.8787418479630441	1.0072498086365786
1	15	0.8593165478200624	1.0183632941679521
1	16	0.8445105328583958	1.03214086283337
1	17	0.8145065894632628	0.9888245123082942
1	18	0.8062496235153892	0.9954641854763031
1	19	0.8760620860499565	0.9763450292023745
1	20	0.7702127097230969	0.9665936681357297
1	21	0.7619119927859066	0.9783529008518566
1	22	0.7587421058283912	0.9752689485116438
1	23	0.7446825649039914	0.9957776088064367
1	24	0.738147863149643	0.9735040778463537
1	25	0.7382363880643941	0.9659250186790119
1	26	0.7049554582376673	0.9734905507347801
1	27	0.7015593298155852	0.964193398844112
1	28	0.7112030938538638	0.9489980125427246
1	29	0.6782445889410347	0.9812618328224529
1	30	0.6768855610820982	0.9799585973132741
1	31	0.6696803099338454	0.979195470159704
1	32	0.6671141849985026	0.9809778653491628
1	33	0.6475536326085678	0.9830725971135226
1	34	0.64632396105564	0.9943851201100783
1	35	0.6506277186641789	0.9535321601954373
1	36	0.6260350963322803	0.9651968812942505
1	37	0.618364568412906	0.9678591667522084
1	38	0.611187486841221	0.9514224369959398
1	39	0.613534786526603	0.9681297334757718
1	40	0.6029574789844379	0.9548310460827567
1	41	0.5978166496151626	0.9591654947671023
1	42	0.5912643430991606	1.0228588768568907
1	43	0.5873507386084759	0.9671621976115486
1	44	0.590306658341427	0.9531408980759707
1	45	0.5774986775294699	0.9725586295127868
1	46	0.5725090788349961	0.94832911957394
1	47	0.5712100600413602	0.9675621268965982
1	48	0.5594584325467697	0.9469895603440025
1	49	0.5543199173790035	0.957180545763536
1	50	0.5576817932935676	0.9506271962686018
1	51	0.6243981934918298	0.9633639930595052
1	52	0.5455774196711454	0.959459553306753
1	53	0.5344422640403111	0.9646943658048457
1	54	0.5386070374707983	0.9626689234646884
1	55	0.5370030276462285	0.9578803558783098
1	56	0.5435692188294247	0.9740514263239773
1	57	0.5347070774887548	0.9730494213104248
1	58	0.5357038253003901	0.9706819855083119
1	59	0.5839700678021017	0.9628246583721854
1	60	0.5428932318422529	0.9386310362815857
1	61	0.5102688443239289	0.9649825299869884
1	62	0.5144415534325321	0.9752349371259863
1	63	0.5216369892732061	0.9690221244638616
1	64	0.5223827639432869	0.9622445065324957
1	65	0.5178983729295056	0.958782361203974
1	66	0.5187972852798424	0.9564108314297416
1	67	0.5089099886260852	0.9705340507897464
1	68	0.5113291672263482	0.9599172530390999
1	69	0.5152171428877897	0.9583443136648698
1	70	0.5040955056084527	0.9758570597388527
1	71	0.5001419433861067	0.9682585420391776
1	72	0.5033062094570411	0.9539295061068102
1	73	0.4989280162495796	0.9665334315733476
1	74	0.5024005577178916	0.9610534909638492
1	75	0.4962753430219612	0.9967383057420904
1	76	0.5148145311167746	0.9508105047182603
1	77	0.48297730155063395	0.9675514294884422
1	78	0.4850178608027371	0.9650446478887038
1	79	0.49109464570428385	0.9553961200063879
1	80	0.4835050937322655	0.9758498793298548
1	81	0.5034707811143663	0.9540113105557182
1	82	0.4771490018536346	0.9722531658952887
1	83	0.48364385760191714	0.9849794274026697
1	84	0.48857132795483177	0.9849011441794309
1	85	0.47518878195020886	0.9532023717056621
1	86	0.47856196098857456	0.9673323295333168
1	87	0.47427798959341916	0.9629163078828291
1	88	0.48561244106653967	0.9895318097418004
1	89	0.5331164038241512	0.9700729613954371
1	90	0.4770072835021549	0.9498425968126817
2	1	1.6962517865527518	1.3427207259823093
2	2	1.3260227037975802	1.2343951296463287
2	3	1.2505405971255057	1.2020461302009418
2	4	1.2004495323874438	1.2111718893694363
2	5	1.1385439288659165	1.1764979662655068
2	6	1.111561488515387	1.119248710304713
2	7	1.0631711918215911	1.1085820002950353
2	8	1.0242874324321747	1.1232598389652992
2	9	0.9935036341014963	1.0902423071775504
2	10	0.9646550219219464	1.0882856517815762
2	11	0.9626727918855463	1.0798907580135537
2	12	0.919211189250629	1.0403340393476348
2	13	0.8942221245752313	1.0396865040278263
2	14	0.8761405191646937	1.0518247741375037
2	15	0.8647611376542884	1.0243303113275295
2	16	0.8499247820403141	1.0135422886061154
2	17	0.8157713430551573	0.9942356539930371
2	18	0.8082335334486113	1.0420224988203255
2	19	0.7980224708310113	1.0347830988734745
2	20	0.7783350985592756	1.0064783182075556
2	21	0.7641646094405308	1.005089536416445
2	22	0.7610311148962818	1.0122968057076709
2	23	0.7377867624641229	1.0120478142722904
2	24	0.7325187349596467	0.986467212545786
2	25	0.711013648694811	0.9823070676635495
2	26	0.701690551526367	0.9709286132304789
2	27	0.6990466829425154	1.06431213707375
2	28	0.6919241073445823	1.0000674861798184
2	29	0.6756521290621887	0.9973145979557106
2	30	0.664891875623606	0.9737959112838018
2	31	0.651509832453508	1.0084080778651958
2	32	0.6524225538775611	1.0111758968384146
2	33	0.6890693859985242	0.9882131166380944
2	34	0.642809913911594	1.0050759232944722
2	35	0.6244954049217109	0.9804081135302138
2	36	0.6127278571829009	0.9983596377235522
2	37	0.6147659360192333	0.9801043467127162
2	38	0.6150697610364892	0.9767674798373696
2	39	0.6074145697534848	0.9800568739716098
2	40	0.6082004384997373	0.993030514219682
2	41	0.5882620688778564	1.028986336194354
2	42	0.5897783954233791	0.9996797516406011
2	43	0.582217490264716	0.9911584565750986
2	44	0.5771112992273023	0.9796251617104029
2	45	0.5731522456611483	0.9943045316625843
2	46	0.5894749033778237	0.9816023550874038
2	47	0.5895642824590397	0.9752307661788927
2	48	0.5548595081990919	0.9774293868447379
2	49	0.5522750242410276	0.9788435621441697
2	50	0.5588045425963803	0.9705053805876122
2	51	0.5547383967130326	0.9649155422937956
2	52	0.5507529176807461	0.9732705935728636
2	53	0.5476392526776553	0.977065932300451
2	54	0.5364162755461458	0.9832199591098072
2	55	0.5376950589975772	0.9870469670930355
2	56	0.5576104225519185	0.9680935549650261
2	57	0.5271745053096077	0.960497501192333
2	58	0.5261482250733445	0.9861149246529709
2	59	0.5230781578948387	0.9894301130188455
2	60	0.5241677526635333	1.0182225223925474
2	61	0.5166488969400047	0.971896265908111
2	62	0.5274562742620802	0.9923229575585976
2	63	0.5108691846701101	0.9780199959766951
2	64	0.513659184720988	0.9673194313864056
2	65	0.5132674623925525	0.9711436659312077
2	66	0.5381127414592088	0.9822566196215239
2	67	0.49896846368359643	0.9873745810213707
2	68	0.5071649990008714	0.9662227738889859
2	69	0.5054436197671561	0.955639944981328
2	70	0.5049774424734119	0.9755245517912529
2	71	0.5000908811552784	0.9659047715312286
2	72	0.5032558380387341	0.9778562600878503
2	73	0.49477048636748433	0.9934576692984258
2	74	0.5006358398136516	0.9929232866429597
2	75	0.4916951571865819	1.0126968032593349
2	76	0.5056219694192688	0.9530821347193752
2	77	0.48592202169581866	0.9903437727861267
2	78	0.4884450657723042	0.9827708093811283
2	79	0.49634096135074895	0.9632075511508709
2	80	0.48611557511732173	0.9795485550551106
2	81	0.5055674842964762	0.9709934257774901
2	82	0.511281931038516	0.9676322577883014
2	83	0.47261195625656116	0.9682133526896401
2	84	0.47671284477035397	0.9887429829552877
2	85	0.4800750569631465	0.9726789216343448
2	86	0.4821593650162984	0.9744221115712639
2	87	0.48277712036640597	0.9635600733885662
2	88	0.5018333271981623	0.9697520210802983
2	89	0.467320471124437	0.964781515675483
2	90	0.4658885946771942	0.9874703505699584
2	91	0.472040976708134	0.9809753842276635
2	92	0.46730328268276	0.9986134249743798
2	93	0.46708761524552334	0.9941404042698496
2	94	0.46511539998941887	1.0268236446938068
2	95	0.4695932465450217	0.9750346321639397
2	96	0.4650225602926161	0.9862053915322255
2	97	0.46784810937391835	1.0109131547401278
2	98	0.4613740221919635	0.9736659790543344
2	99	0.4619585504540457	0.9871363027704706
2	100	0.45797041352265155	0.962535303273647
2	101	0.46162501730335254	0.9700011985121871
2	102	0.4599439812262949	1.0047675566278773
2	103	0.4560384903079233	0.9680507939925297
2	104	0.4617364042892288	0.9661432714771023
2	105	0.45362412749837416	0.9852350252352172
2	106	0.45661500620488554	0.9708093415490158
3	1	1.7002920890268318	1.4383086156154024
3	2	1.333466246838429	1.2677509283673936
3	3	1.252603873977461	1.1820349156640577
3	4	1.2029970637795229	1.115078012580457
3	5	1.151217245290392	1.1471722607595334
3	6	1.0974011014655178	1.0759499777054442
3	7	1.0701437498419142	1.0786480469548183
3	8	1.0333295686619388	1.083483433485895
3	9	0.9959498796556379	1.0463667766771454
3	10	0.9680900387841942	1.04388790966376
3	11	0.9433596782449469	1.019492024420828
3	12	0.9244672403876513	0.9823692939851595
3	13	0.8894613115812532	0.9869112704975017
3	14	0.8717083179714894	0.9854032881018044
3	15	0.8574924014439542	0.9808630728419276
3	16	0.8387225373863548	1.0174803529744563
3	17	0.8141577787032568	1.0057094723418138
3	18	0.8273917954681282	1.0247024610854578
3	19	0.793696990044886	0.971626565238272
3	20	0.7726457171806849	0.9632745307424794
3	21	0.7644534430221824	0.9919489436391471
3	22	0.7590474662854877	0.9664254813738491
3	23	0.7437264112681211	0.9993849533839502
3	24	0.7247964562814372	0.9512277418288632
3	25	0.7174977841555807	0.9770828729522401
3	26	0.7439620607699123	0.9629545278739238
3	27	0.6960798490297713	0.9456093190372854
3	28	0.674261815319583	0.9541872925516488
3	29	0.6736724387747557	0.9664911584577699
3	30	0.6660355470103028	0.9461857162523961
3	31	0.6609229396308292	0.937406111670577
3	32	0.6544206953236399	0.946176613262598
3	33	0.6433252377415262	0.93868917108014
3	34	0.6573094051417007	0.937314552133498
3	35	0.6185026301411694	0.9434125482820083
3	36	0.6255199273098463	0.951728005124175
3	37	0.621523072606958	0.9572634478842003
3	38	0.606870089615118	0.9354792809572773
3	39	0.6050459828692479	0.977914294362932
3	40	0.5992718393830556	0.9653795668180438
3	41	0.5909596321307992	0.9325397661414699
3	42	0.586350402519931	0.9540989830874015
3	43	0.5825650577445063	0.9558550585871157
3	44	0.6263442589515248	0.9645823104226071
3	45	0.5738085804384564	0.9477424106520155
3	46	0.5540741165475014	0.9322716647732086
3	47	0.5572328473056667	0.9345092067252034
3	48	0.5643902838675303	0.9247842926693999
3	49	0.5514482975451274	0.9341036140702773
3	50	0.552741249825476	0.9362818027536074
3	51	0.5501163337600775	0.9332589973574099
3	52	0.5487936848671532	0.947264173756475
3	53	0.5396558316631282	0.9393843160807223
3	54	0.5525730695811596	0.9396121207138767
3	55	0.5303504993694658	0.96251654808504
3	56	0.5318831682181137	0.9285220240337261
3	57	0.528496632869079	0.9434732824995897
3	58	0.5273047814301344	0.9336418153151221
3	59	0.533858686625404	0.9346793463480645
3	60	0.5184496032900515	0.9550158582303835
3	61	0.5160438744385106	0.9390775350772816
3	62	0.5273483473902323	0.9363836478711902
3	63	0.5172593841147991	0.9387335009548975
3	64	0.592103621142258	0.9233035517559536
3	65	0.4993799656064076	0.9424314286181892
3	66	0.5014493290303357	0.9358157956081888
3	67	0.5051488715720648	0.9417528061979059
3	68	0.5092741871522616	0.9360976268847784
3	69	0.5086197055993563	0.9302831616090692
3	70	0.49884254785858434	0.9325249242609825
3	71	0.5007733378046503	0.950082980312299
3	72	0.4987289353838167	0.9233215864801753
3	73	0.4955535044425141	0.9310264233229817
3	74	0.49699514754775265	0.933744299346986
3	75	0.496967696715229	0.9315314711867899
3	76	0.4936422968842014	0.9390099375792171
3	77	0.49190105340824425	0.942328536424084
3	78	0.48874285886929697	0.9425204061511634
3	79	0.48129951367948054	0.9292059832293055
3	80	0.49210285087073574	0.9294782343550004
3	81	0.48667578136290474	0.9315986134975717
3	82	0.4808448063398399	0.9365793859613114
3	83	0.4954390428301592	0.946721357387909
3	84	0.4789075860584461	0.938450953234797
3	85	0.4769370223925294	0.9316101711297381
3	86	0.4730125356692675	0.9645783521127009
3	87	0.4769513860591535	0.9321434579897618
3	88	0.49828173925210545	0.9359080360635467
3	89	0.4595631380137966	0.9484646509307019
3	90	0.4659181290580998	0.9469200225843899
3	91	0.4715785433447645	0.95708291405353
3	92	0.4656934850233719	0.9235212955137958
3	93	0.46960662842566897	0.9635180600959322
3	94	0.4701118111598381	0.950461507383464
4	1	1.6779755041953341	1.3133012064989062
4	2	1.3295040208789204	1.175317312280337
4	3	1.2605136072472087	1.1785508223633836
4	4	1.1981962893979023	1.1709522890008015
4	5	1.1498914797451345	1.1280693521966105
4	6	1.1189620622205965	1.0753658927869105
4	7	1.0671226673182987	1.0576935914763506
4	8	1.0339844854513998	1.0833884116964063
4	9	1.0102286511390222	1.0567486522638279
4	10	0.9790130475531479	1.0217189274836278
4	11	0.9543331673998713	1.015461729272552
4	12	0.9323112105077269	1.0240291037421296
4	13	0.9089828006099365	0.9911982069412867
4	14	0.880021210119453	1.0356930802049844
4	15	0.8654556234364936	0.9765060221155485
4	16	0.8597932801889353	1.415677763953589
4	17	0.8768067759092629	0.9556308997714001
4	18	0.8168455496057567	0.947249472681163
4	19	0.8051687288154412	0.9622005906657897
4	20	0.7931307392845816	0.9392519363242647
4	21	0.7795467544843152	0.9856725413946138
4	22	0.7707751814555602	0.9725732546353686
4	23	0.7564114386259403	0.9734243981648183
4	24	0.7691417903285338	0.9475447885368181
4	25	0.7153464767531679	0.9371173664711524
4	26	0.7020418467578915	0.9459409553935563
4	27	0.7246485351674301	0.9426824054208355
4	28	0.6873515527499983	0.914914212796999
4	29	0.6791685447758297	0.9422863530723945
4	30	0.6761678462792443	0.9381960921961329
4	31	0.6708546927359625	0.9306808562166449
4	32	0.6638265167204385	0.9445188815395037
4	33	0.6548607303092708	0.9386487594549207
4	34	0.6867601807147289	0.9311435785198557
4	35	0.6314933288713152	0.9435011529620143
4	36	0.6185103602905828	0.9377129638324613
4	37	0.6273036914140202	0.9371530286211899
4	38	0.6147202012144913	0.9326507459948028
4	39	0.6236486921298879	0.9250958719547244
4	40	0.6309850756274393	0.9251156839123671
4	41	0.5968483735756878	0.9573442643319351
4	42	0.5939920725927803	0.9436159107996069
4	43	0.5907445157591713	0.9373129351415496
4	44	0.590502059999688	0.9387651751006859
4	45	0.5787925844812124	0.9164972174642743
4	46	0.578610847351578	0.9156118796571441
4	47	0.5770700124120212	0.9430716946937036
4	48	0.5907784005006155	0.9251133661339248
4	49	0.5637678400319464	0.928788360586201
4	50	0.559248517852959	0.9333557097808175
4	51	0.5583143996328861	0.9446890134958253
4	52	0.5549911150559963	0.9411451211874036
4	53	0.5709409259855026	0.9202616057102231
4	54	0.5372404700883268	0.933973634912484
4	55	0.5450656064834876	0.9326037120991859
4	56	0.5391225364116337	0.9516603724248167
4	57	0.5743363456224798	0.9288986444041349
4	58	0.5223099928562731	0.9294746228750201
5	1	1.690757476229508	1.2705011030902034
5	2	1.3307558349726611	1.1910774712113366
5	3	1.2557587381159052	1.1907919852629951
5	4	1.1962610702866934	1.2780070391254148
5	5	1.1556088935837998	1.0958088950618454
5	6	1.1076888369729454	1.108736237646013
5	7	1.0630562866725506	1.059487032501594
5	8	1.0326775344788763	1.0383610953239426
5	9	0.9998371538780946	1.0839577496483705
5	10	0.978952093835699	1.280241790888966
5	11	0.9465564980495347	1.0112945122131403
5	12	0.9635919862918234	1.047797477007776
5	13	0.9043495497926859	1.0030043992227402
5	14	0.8822227861547258	0.9748536919554075
5	15	0.8748573622229026	0.9510589075693185
5	16	0.860604223232381	0.9989394482927046
5	17	0.8331891344014223	0.9726844649168028
5	18	0.8157826141094459	0.9714835062623024
5	19	0.8022761276931015	1.0053508025796518
5	20	0.8209390997297108	0.9756135931913403
5	21	0.7635186094404182	0.9582576434249463
5	22	0.7623616685826883	0.9776037349433139
5	23	0.7503441728841022	0.9786521986774777
5	24	0.7488435113867974	0.95699969150018
5	25	0.7277853883559251	1.0109395777833634
5	26	0.7443086844288056	0.9457828580685284
5	27	0.7043009948107231	0.9619453780461049
5	28	0.6993732059921138	0.9484114343489426
5	29	0.6920586790848895	0.9496546693254209
5	30	0.7652079490256685	0.9535182837558829
5	31	0.6670690926395697	0.9862625683131425
5	32	0.659208987045057	0.9387415647506714
5	33	0.6631190871152851	0.9566663006941477
5	34	0.6540854096677354	0.934872395210508
5	35	0.6467718327290886	0.9584969145016394
5	36	0.640403751601218	0.9779718126291814
5	37	0.6402293462569453	0.9658701934892199
5	38	0.6292060159679185	0.9606812188158864
5	39	0.6243537078654039	0.9409391359574553
5	40	0.6206062939988061	0.9384124160244844
5	41	0.6020220191092754	1.0313245663824289
5	42	0.5966855228416468	0.9608379326004913
5	43	0.649414023000192	0.9576643813347471
5	44	0.590497399566392	0.9387829759414645
5	45	0.5700773862241303	0.9479843177225279
5	46	0.5821250669468686	0.9525966390535452
5	47	0.5854108664998615	0.9394865235772686
5	48	0.5794006070640234	0.9582672345897426
5	49	0.590433178395093	0.9756661169770835
5	50	0.5609085972048267	0.9417907632347466
5	51	0.5545871903940127	0.9284008833161299
5	52	0.5616192521890614	0.942964226115441
5	53	0.5635079376919885	0.9527430405867272
5	54	0.5664066402395743	0.9193902490795522
5	55	0.5457551661979589	0.9416119978911635
5	56	0.5436539758729222	0.943214265656644
5	57	0.5465970109933126	0.9316704566927924
5	58	0.5414490725996998	0.9852745234966278
5	59	0.5355309878547778	0.9344909630607867
5	60	0.5329709630858095	0.9410309889826222
5	61	0.5317789236949152	0.9737839876957561
5	62	0.593967415672134	0.926665093479813
5	63	0.5111306090483898	0.9370681513910708
5	64	0.5204488924243155	0.9337070286273956
5	65	0.5199496307270056	0.945269020571225
5	66	0.5193011126043723	0.9415461467444033
5	67	0.5130959891616023	0.9417293317939924
5	68	0.5173132139550229	0.9431543863122014
5	69	0.5370603520445734	0.9468397937607074
5	70	0.5083367216777166	0.9394314769601476
5	71	0.5021298511835852	0.9352044918830844
5	72	0.5126790409433202	0.9482597845835962
5	73	0.4999622089948489	0.9492675022802491
5	74	0.5093938449264583	0.94083439450765
5	75	0.5057188170387902	0.9470935544889906
5	76	0.5007354828333922	0.9284216964590377
5	77	0.49263374372673074	0.9354470765245133
5	78	0.5014820381740336	0.9392130487207053
5	79	0.4959319498650143	0.9502280996977419
5	80	0.49496537166638965	0.9400202246463817
5	81	0.49257973047047793	0.9536262722550959
5	82	0.519570438784604	0.9585317002906315
5	83	0.49042421925871615	0.9399813353151515
5	84	0.47436166363085863	0.9278074409002843
6	1	1.6775961200909155	1.3698220414959865
6	2	1.3466789801667034	1.3125883025535638
6	3	1.276068606423293	1.1844142804975095
6	4	1.2066819390590848	1.1769647320759469
6	5	1.1559566006443105	1.1145191586751868
6	6	1.1184542576311671	1.1052475599707037
6	7	1.0728786816492153	1.1426611549180488
6	8	1.0373700389510059	1.0998088561970254
6	9	1.001342102085789	1.0871326055215753
6	10	0.9845002414527176	1.088702459698138
6	11	0.9596438768795779	1.0198279431332713
6	12	0.9384250353064543	1.02530837814877
6	13	0.9124000014533628	1.0345205560974453
6	14	0.8882456330485573	1.014260290865449
6	15	0.8685030621860046	1.0135181652031082
6	16	0.8630325604033307	0.9920480079624964
6	17	0.8268041339503416	0.9799870141390441
6	18	0.8206200500489628	1.004605436562628
6	19	0.8064480077575993	0.9921169809025266
6	20	0.7946018493310152	1.0950785763021829
6	21	0.7786688387105426	0.9794801841827406
6	22	0.7546214229724445	0.9877801485683607
6	23	0.7482792060790691	1.0075483286510343
6	24	0.7399151691172863	0.9668476900112801
6	25	0.7219031877205612	0.9786701578160991
6	26	0.7124095617426457	0.9559633541798246
6	27	0.700214942204178	0.9494456695257754
6	28	0.7342174976354839	0.9622145377207494
6	29	0.6685060595085949	0.9644779327554979
6	30	0.6676708619865789	0.9563596068301062
6	31	0.661824852312318	0.9999948671978452
6	32	0.6603953785391862	0.9734870862701664
6	33	0.6470267946631642	0.9589032965941705
6	34	0.6472690085722295	0.9706141811566077
6	35	0.6372800058128854	0.9911650060743525
6	36	0.617069000508238	0.9923569442353387
6	37	0.6219987625698737	0.9510515830007152
6	38	0.614886910673013	0.9600246968692627
6	39	0.6158710714247786	0.9381996137292489
6	40	0.5981059176528006	0.9661828491674818
6	41	0.6006844332257602	0.961380566375843
6	42	0.586079521518698	0.9677196587773337
6	43	0.6034260825939648	0.9611284395922786
6	44	0.575253036556921	0.9625068474291028
6	45	0.6148577920788957	1.1119307114378265
6	46	0.5785648848391098	0.9559720848565516
6	47	0.5638649411959339	0.9961276183957639
6	48	0.5595421948022735	0.9873243346810341
6	49	0.5584405888504634	0.9648313789048056
6	50	0.5569915920676316	0.9603072167306707
6	51	0.554798800487728	0.970521170861911
6	52	0.5532031525655252	0.9961253561187482
6	53	0.54483292705352	0.9816941705302916
6	54	0.5441147658722975	0.9615951815377111
6	55	0.5455610893062643	0.9664692776142687
6	56	0.529539406720358	0.9488066846261853
6	57	0.5406394161827961	0.9814668709169263
6	58	0.5441518098945433	0.955529355160568
6	59	0.5296262248947814	0.9505470886394598
6	60	0.585064411590108	0.9660327240176823
6	61	0.5282241725943271	0.973391875192739
6	62	0.5115057745435249	0.960455417956995
6	63	0.5185471671382089	0.96361229352761
6	64	0.5260337434465628	0.9564692343490712
6	65	0.514400198184083	0.959211987969668
6	66	0.5223667687492632	0.9549555375740149
6	67	0.5124212993626731	0.9988196562381758
6	68	0.5129102092324942	0.9637047093415606
6	69	0.5134583545481307	0.977750234413838
7	1	1.6731154299800985	1.301733649727227
7	2	1.3253280466864639	1.2270643244618955
7	3	1.259515344976466	1.200173874264178
7	4	1.1968750269097794	1.1636877474577532
7	5	1.158091252259024	1.1455008661833361
7	6	1.1134551921615385	1.0984646494405856
7	7	1.0680860951467779	1.1018625389838563
7	8	1.0416978152828416	1.087698302515175
7	9	1.006140220578473	1.0532002630441084
7	10	1.0566376089953646	1.0093418181590412
7	11	0.9399020292618638	0.9803051923712095
7	12	0.9203697599407551	1.0262092652096264
7	13	0.9079029036115994	0.9689164288018061
7	14	0.8848276602217672	1.0222817443419194
7	15	0.8744385409191797	0.9618452672941097
7	16	0.8522776006595207	1.0386679637907208
7	17	0.8392589834489826	0.9811373124088066
7	18	0.8155530216183599	0.9958423582324083
7	19	0.7993741534569243	0.9912393464558367
7	20	0.7861484366167654	0.9601885980885961
7	21	0.7913605374993936	0.958141992273538
7	22	0.7444699744827946	0.9513702664686285
7	23	0.7364239585659091	0.9684708850539249
7	24	0.7780093468398348	0.9603286489196445
7	25	0.7196413383025981	0.9505746253374694
7	26	0.7039542731343619	0.9643303490635278
7	27	0.7086458715494964	0.977976343769958
7	28	0.7013865500232088	0.9581470654710479
7	29	0.6877610268358837	0.9586115470830945
7	30	0.681515414812833	0.9797522845691529
7	31	0.6752228127737672	0.9937964063407718
7	32	0.6590388142043955	0.9794142192256623
7	33	0.6555505136432593	0.9526646105923514
7	34	0.6548232066323805	0.9566020359811576
7	35	0.6406551709924913	0.9723853271292604
7	36	0.6325338504658933	0.9429819032117941
7	37	0.6268188553092365	0.9596841671112655
7	38	0.6147527376438331	0.974672691869563
7	39	0.6099724473010528	0.9417280755613161
7	40	0.6524228301741625	0.9361598257353341
7	41	0.5843637920593252	0.9477973191634469
7	42	0.5933708887410616	0.9442005641218545
7	43	0.5923099776985952	0.9565425059501675
7	44	0.586970731658063	1.0020018318209096
7	45	0.5808179068474075	0.9410203036622725
7	46	0.62081378557806	0.9239631301682928
7	47	0.5667321049833144	0.9698197182969771
7	48	0.5668422985710849	0.9511903970353845
7	49	0.5713427893544146	0.9468531737077064
7	50	0.5650564891401436	0.9604770121151123
7	51	0.5638060578291861	0.9482218405042869
7	52	0.55298884400962	0.969026484783145
7	53	0.5557179245940143	0.9624772151743156
7	54	0.5450385398126715	0.9587576814751694
7	55	0.5407265066764183	0.9337606342590373
7	56	0.5396561499434294	0.9957143115824547
7	57	0.5462439991819047	0.9573988277411115
7	58	0.545543392066848	0.9455467187192129
7	59	0.5318824934027263	1.083731106010036
7	60	0.533399199746348	0.9928521777408711
7	61	0.536868351834861	0.9373200939617296
7	62	0.5221969131042475	0.9522066890545513
7	63	0.5826333201685917	0.9567074125659638
7	64	0.5469627408659876	0.9460441760610843
7	65	0.5019632346480665	0.96252875170414
7	66	0.5152452720936533	0.9516383533676466
7	67	0.5188647536729815	0.9423181336858998
7	68	0.5124402072870746	0.9458710099907889
7	69	0.5106638591167476	0.9339638330798218
7	70	0.5220213024030526	0.9645811172499172
7	71	0.5162289519732347	0.9458284217162408
7	72	0.5032908649862124	0.9448861910597138
7	73	0.5257026129482928	0.9736110294858614
7	74	0.4956028546202524	0.936796196884867
7	75	0.49702792343222196	0.9530935888921005
7	76	0.49540988501523203	0.9524541465916495
8	1	1.6739950435296762	1.2892105734305261
8	2	1.3335930711541446	1.309501886582977
8	3	1.2523199165734988	1.2038152579366086
8	4	1.2015153264179737	1.1472293523674837
8	5	1.1512621498917976	1.1837586065492045
8	6	1.1023792856828631	1.1236981949651283
8	7	1.063360383592555	1.1404063279878363
8	8	1.0308251291525425	1.1177687743940938
8	9	0.9934048354985199	1.0358708378209964
8	10	0.9698865538291487	1.0299602614628278
8	11	0.9470474630126907	1.0624820693305252
8	12	0.9153276975489448	1.0152440177619673
8	13	0.8950965641658853	0.9993241902185261
8	14	0.8710632641774658	0.9915603336874759
8	15	0.853009253656428	1.0115848795816786
8	16	0.8423752193236188	0.9888852972416241
8	17	0.8378189206123352	1.061949441794454
8	18	0.7978100664269555	0.9704665760055776
8	19	0.7886721226984016	0.9987482451144538
8	20	0.7782829245219137	0.9627493213230092
8	21	0.7748574745262009	0.9738398549358768
8	22	0.7438018457521431	0.978725198911846
8	23	0.737467668851696	0.9562762887469267
8	24	0.7211746670392607	1.0031571925116791
8	25	0.7171654600813344	0.9471285900484354
8	26	0.7067425698700994	0.963653620399723
8	27	0.7333042523110301	0.9412664417110195
8	28	0.6663877102065192	0.9515620992932509
8	29	0.6726020906745165	0.9315954939553023
8	30	0.6650896935660435	0.966609262602424
8	31	0.6649074185179763	0.9589817545474221
8	32	0.6533984853577125	0.9458762717160938
8	33	0.6560525343774742	0.9567001524384702
8	34	0.6371043334296779	0.9457857284950435
8	35	0.6194100175030413	1.036096703489765
8	36	0.6195574106703238	0.9693688252127127
8	37	0.6147325210030605	0.9917316423856825
8	38	0.6074605961077464	0.9641228761483616
8	39	0.5999144376594473	0.9655409980336681
8	40	0.6094534410127062	0.9635324873003288
8	41	0.5862000612583226	0.9504314047765215
8	42	0.5805440788401818	0.9766704541251117
8	43	0.5830191864179328	0.9486910015452209
8	44	0.5822429064051617	0.9495989813701341
8	45	0.5747049465014554	0.9336168398065258
8	46	0.566191899648238	0.9687037308723918
8	47	0.5649817871326033	0.9985251794653248
8	48	0.5628271339094969	0.9633023119144921
8	49	0.5530968197723637	0.9547810191927404
8	50	0.5584611093777464	0.949272035476533
8	51	0.5458259743035055	0.9846199024670391
8	52	0.5433957583222659	0.9274369032804717
8	53	0.5414283558948001	0.9393186628388154
8	54	0.5381062651344414	0.9529259257583411
8	55	0.5396593450169799	0.9312790996976708
8	56	0.5285650282666824	0.9389118894342912
8	57	0.5285422827435824	0.9339712473029264
8	58	0.5289548593481526	0.9537293888386407
8	59	0.5226441028789675	0.9491108304111536
8	60	0.5368667512796564	0.9448524821105847
8	61	0.507779861975253	0.955941953706397
8	62	0.5185369810858643	0.983984519858653
8	63	0.5106992658166268	0.9619941495170662
8	64	0.5081063919802914	0.9635940029517839
8	65	0.5148308974794465	0.9433598471032153
8	66	0.5157740842663335	0.9904348252052004
8	67	0.5115290472473445	0.9331830949774718
8	68	0.5317536095778147	0.9307636407738559
8	69	0.49376078136939333	0.9260028220901421
8	70	0.48807505389677747	0.9405283847225272
8	71	0.4992131046744106	0.9459133934673419
8	72	0.494723245884982	0.9360424619073903
8	73	0.49031911494384867	0.9248799414841277
8	74	0.49661899455397973	0.941349840874276
8	75	0.4890682111794948	0.9529537648930877
8	76	0.4887629958116054	0.9369663996386615
8	77	0.491368168854886	0.9714920681090992
8	78	0.48695434426202033	0.9421461798008599
8	79	0.48596292885734127	0.92904492351983
8	80	0.4872835178930308	0.9416814778901179
8	81	0.4806550827355187	0.9690256532994418
8	82	0.4838951997096442	0.9690328111287059
8	83	0.47526630478232174	0.9494739181298211
8	84	0.47494578937905163	0.9323470797994937
8	85	0.4723855870696115	0.9157275590870785
8	86	0.475184831140652	0.9384216770583542
8	87	0.4717747058238569	0.9392377041307167
8	88	0.47449385983832737	0.9529333577259352
8	89	0.4712585967781556	0.9383324550377333
8	90	0.4829715647022073	0.9213163286770294
8	91	0.4643225122825851	0.9422089834075542
8	92	0.46049579912680527	0.9354841821030159
8	93	0.46792178624693437	0.9439950638084205
8	94	0.47110693029696843	0.9417289791339571
8	95	0.4647952369359971	0.9415855105388036
8	96	0.4577215845607877	0.933717959947104
8	97	0.4647539854708761	0.9502642959463897
8	98	0.4629983975674476	0.9250237754536019
8	99	0.45890534231472935	0.9292689284262674
8	100	0.45547440271805123	0.9572693032047809
8	101	0.45453820385676963	0.9384901519286504
8	102	0.4558820906572664	0.9401255748117013
8	103	0.4583072221909463	0.9207336477101494
8	104	0.4535581107162595	0.9265898929821456
8	105	0.45539365710625457	0.9224875751170011
8	106	0.4510181083538276	0.9153253937456152
8	107	0.456264976078025	0.9238697655149315
8	108	0.4578717531187735	0.966684344765942
8	109	0.44609582551785343	0.9508021589005466
8	110	0.4520301707223759	0.9330616516972277
8	111	0.44606822744688934	0.9362562822736127
8	112	0.4522942786637108	0.9203086443756462
8	113	0.44553952320517426	0.9192871082345501
8	114	0.4486884490572213	0.9279412374384567
8	115	0.4501730809680995	0.9314131496830538
8	116	0.44183246886629535	0.935645839797891
8	117	0.4454338475252952	0.925471101749675
8	118	0.43825827109967075	0.9614722235968828
8	119	0.4472818826461922	0.9490603009501088
8	120	0.4414798131562353	0.9305641093839376
8	121	0.44444168782948396	0.9402992887832627
8	122	0.44347968520795095	0.9264540021385097
8	123	0.4363338815540399	0.9355531078813739
8	124	0.4398629372564242	0.9367451246034367
8	125	0.4381596753467361	0.922985781401073
8	126	0.4339156230446513	0.9500346882033435
8	127	0.448262716686577	0.9347342404432676
8	128	0.43784120834683815	0.9371658121420589
8	129	0.43945800036395655	0.9219594578450337
8	130	0.4404380208201134	0.9465892894818895
8	131	0.43881753285366415	0.9568385019199083
8	132	0.4343459849730044	0.9441872680230261
8	133	0.4337281869341678	0.9425848861248485
8	134	0.4448621653269034	0.9597190463585974
8	135	0.4348022179954446	0.9449857593873778
8	136	0.4356973349245188	0.944791143336451
9	1	1.6700435683220092	1.4649949261120387
9	2	1.3286906366319826	1.2809496986014501
9	3	1.248946182770473	1.1880768612027168
9	4	1.198969385839599	1.1870150658701146
9	5	1.153144366911818	1.112292760184833
9	6	1.1013211100049332	1.1014793348099505
9	7	1.0673701261312776	1.099733178104673
9	8	1.0382690198023323	1.0940634816884995
9	9	1.004928260508399	1.0400257499090262
9	10	0.9696015092061007	1.0179233181689467
9	11	0.9432015861242002	1.125963230218206
9	12	0.9409898987465777	0.9994656457432679
9	13	0.9077622071767659	1.0066295364073345
9	14	0.8780359297576055	1.0058659163968904
9	15	0.8629602297162915	0.9651828072965145
9	16	0.848342981265032	1.019939928821155
9	17	0.8376738013377484	1.023372518909829
9	18	0.8093452124662001	0.9990438360188688
9	19	0.7865125229415553	0.9694708253656115
9	20	0.8136319264147438	0.967664426778044
9	21	0.7579074379701026	0.9579561481518405
9	22	0.749507648860721	0.9621439470776489
9	23	0.7413661862936456	0.9677726590207645
9	24	0.739084808590635	0.9788981604788984
9	25	0.7247106235378068	0.9738996254546302
9	26	0.7086623966456882	0.9570470286267144
9	27	0.7058890311902845	0.9622713579663209
9	28	0.685339822144679	0.9619925504284246
9	29	0.6801144029582235	0.9646618502480643
9	30	0.6789666146454707	1.4271613483982426
9	31	0.7342021659105483	0.9478217819971698
9	32	0.6413082681936961	0.9664170388664518
9	33	0.6416231596209183	0.9622591502964497
9	34	0.633496577430435	0.9555551780121667
9	35	0.6326523386875157	0.9333549608077322
9	36	0.6270420048571013	0.9688691345708711
9	37	0.6254626554594362	0.9642477679465499
9	38	0.6141239815748947	0.9661168550806386
9	39	0.6316764245746624	0.9827756956219673
9	40	0.5875346441569906	0.9495764945234572
9	41	0.5927635291520928	0.9719400966806071
9	42	0.5890517668861518	0.9571373075246811
9	43	0.5818003152224936	0.9872664162090846
9	44	0.5787370146624373	0.9503784786377635
9	45	0.5692052359016941	0.9437546884374959
9	46	0.5751181403223137	0.9690366733287062
9	47	0.5606955724077718	0.9803635770721095
9	48	0.5561125771307329	0.9659209216279643
9	49	0.5913083808144802	0.9662738630814212
9	50	0.5466049781969006	0.9451843177633626
9	51	0.541943486428877	0.9711997935814517
9	52	0.548875308261951	0.9399455600551196
9	53	0.5440121537648422	0.9550892059292112
9	54	0.5406929801757009	0.9836365303822926
9	55	0.546248777136651	0.991631877209459
9	56	0.5303255830974749	0.9455486524317945
9	57	0.5280068435974671	0.9619914795671191
9	58	0.5320263838199214	0.9562162589813982
9	59	0.5211011937313952	0.9685360805264541
9	60	0.5219587980456665	0.9506079738693578
9	61	0.5339425845304967	0.981535032497985
9	62	0.5155103366429479	0.9666692893419947
9	63	0.5131227949919331	0.951144118713481
9	64	0.5116765748494662	0.9429040070090975
9	65	0.5087144748354053	0.9565847424524171
10	1	1.6796913364626054	1.2945896739200238
10	2	1.3351832637180103	1.2431993139740813
10	3	1.2548132679531967	1.1895429619110613
10	4	1.1951829214906673	1.19254920409999
10	5	1.1527520530803939	1.1921859204128225
10	6	1.0998932311547265	1.12444375161629
10	7	1.0614503812799443	1.0598880962658954
10	8	1.0309746376738471	1.055545102844956
10	9	1.0028864644881585	1.0639189394144175
10	10	0.9797377458606489	1.0447498704156568
10	11	0.9439262509988967	1.0212673700838533
10	12	0.9252449239414785	1.0431158504178446
10	13	0.9073747786054409	1.0211278265308736
10	14	0.8855169949367719	1.0066225999786007
10	15	0.8723854038222904	1.0341844756596832
10	16	0.8487040202140427	1.0397289890969525
10	17	0.8502386052561816	0.971055659609029
10	18	0.8024622202633954	0.9818948229581225
10	19	0.7990539210156065	0.9949314227881825
10	20	0.7928106693972886	0.9908105403078072
10	21	0.7741621232513805	0.9663078876806417
10	22	0.7543596798807823	0.9675495210087001
10	23	0.7399842913537515	0.9505333714320668
10	24	0.7509585547890132	0.9391590381395005
10	25	0.7135544954670747	0.9544315065747948
10	26	0.7097840309976531	0.9758272619657619
10	27	0.7082794439278266	0.9949206616929782
10	28	0.696576354315983	0.9667694635662554
10	29	0.6879615411906541	0.9545550549729964
10	30	0.6793604085993585	0.9715468920633784
10	31	0.6678456357608449	0.9583632437559012
10	32	0.7011602642628559	0.9696635602836541
10	33	0.6409669465129012	0.9484007667790177
10	34	0.6366358023081786	0.9730080267327661
10	35	0.6347143473419913	0.9688699835090226
10	36	0.6297184837564582	0.9904119420970212
10	37	0.6217251103899739	0.973675241179791
10	38	0.6258984832848448	0.9506457028476568
10	39	0.6102672840684021	0.9592579956763961
10	40	0.6067416542085037	0.9481140537100667
10	41	0.6048096714558432	0.9862468673123254
10	42	0.5915328110462181	0.9797440570208334
10	43	0.5826859159608674	0.964585642126726
10	44	0.6059127382835864	0.9603795716839452
10	45	0.5689386685419406	0.9705276481780527
10	46	0.5705364817411862	0.9597465311540925
10	47	0.5668671909709287	1.0367331308275995
10	48	0.5760368698247185	0.9544224928143203
10	49	0.564669352463851	0.9504657850256958
10	50	0.556391509369617	0.9877605113504608
10	51	0.5596682221542775	0.9550274614792144
10	52	0.552203896114267	0.9518744798383832
10	53	0.5508218405011459	0.9823719075410277
10	54	0.5449902977566694	0.9792979618394246
