fold	epoch	train loss	valid loss
1	1	1.6985809059576555	1.320611545606093
1	2	1.343211422363917	1.2190134730122306
1	3	1.276840874329962	1.168281676010652
1	4	1.2090482917217293	1.1443214856494557
1	5	1.1579801239389362	1.1768883015892722
1	6	1.1201464663611518	1.1438205687566236
1	7	1.0814530694364297	1.0696066801114517
1	8	1.049688931402534	1.0596297643401407
1	9	1.010750071761584	1.0547156031565232
1	10	1.0099392834335867	1.0496196005561136
1	11	0.9584591922013447	1.0560293872789903
1	12	0.9404436540964878	1.1004097130081871
1	13	0.9238922628730234	1.0754873326691714
1	14	0.9046695319209436	1.0381186983802102
1	15	0.8804707670332206	1.034083363901485
1	16	0.8820372568718111	1.0459548658674414
1	17	0.8382651592866339	1.0694461804086512
1	18	0.8256877663159611	1.026364020434293
1	19	0.8215581637440306	0.9893510563807054
1	20	0.7930769862972125	1.0058785378391093
1	21	0.7881952236758338	1.0193335982886227
1	22	0.776625606857165	0.9858461227200248
1	23	0.7664811252704774	0.9807434138384732
1	24	0.8038493707444933	0.9782551489093086
1	25	0.7279831314688981	0.961221314126795
1	26	0.7203500875920961	0.982117872021415
1	27	0.7202538566396695	0.9708369955149564
1	28	0.7163208760998466	0.9727971671928058
1	29	0.702529195745786	0.9964932342009111
1	30	0.6839947266289682	1.013624428619038
1	31	0.682806103572701	0.9876434884288094
1	32	0.6695946290878334	0.9866033965891058
1	33	0.6644178030406586	0.9898465325615623
1	34	0.6537134230377698	0.9741334374384446
1	35	0.6514090997161287	1.0046087004921653
1	36	0.6414138584064715	1.0337089058485898
1	37	0.6355370903737617	0.9890465615012429
1	38	0.682446385778562	0.9658755313266407
1	39	0.6121398945408638	1.0179478378729387
1	40	0.6071078457254352	0.9798405603928999
1	41	0.6049642734455339	0.9648133400353518
1	42	0.6161543919341733	0.9633990074287762
1	43	0.6018673023852436	0.9784601466222242
1	44	0.6035080583890279	0.9541349285299128
1	45	0.5909957260435278	0.978001653064381
1	46	0.5877731796286323	0.966013134392825
1	47	0.585583153102133	0.9847095263004303
1	48	0.5817737730584963	0.9536216803030534
1	49	0.5747144077703206	0.9504945540428161
1	50	0.5646423218527226	0.9615442671559074
1	51	0.575194152533406	0.961032839905132
1	52	0.610278255108631	0.9525057441538031
1	53	0.5435627848572201	0.9490636043115096
1	54	0.5532105975139021	0.9799843795733019
1	55	0.5534766943828024	0.9633529629490593
1	56	0.5500890662393184	0.9598605715144765
1	57	0.5447556153391346	0.96618861599402
1	58	0.5458088115670464	0.9985470232096585
1	59	0.5872877350600079	0.9914013510400599
1	60	0.5223059166862507	0.9903375646201047
1	61	0.5301902093068518	0.9719425931843845
1	62	0.5327605693749707	0.9615887342799794
1	63	0.5245223383650636	0.9717836799404838
1	64	0.5202985873968914	0.9609798547354611
1	65	0.5208486437677133	0.9456641950390555
1	66	0.526249579811337	0.9763247054273432
1	67	0.5170641610899357	0.9756134381077506
1	68	0.5181677947802977	0.9754941242391413
1	69	0.5159248969711439	0.9745563711903312
1	70	0.5215051216850377	0.9707780211622065
1	71	0.513427289357089	0.9636354146220467
1	72	0.5129371790813677	0.9559864422408018
1	73	0.5024970352589482	0.9718855658444492
1	74	0.4997934406152879	0.9679818877306852
1	75	0.5038052158102845	0.9599775738065893
1	76	0.5013407956349729	0.9562085754221136
1	77	0.4950798201982421	0.9768820449438962
1	78	0.4967850743219106	1.0066768114133315
1	79	0.496208941165847	0.9817466447570107
1	80	0.4936545363520131	0.9590332933989438
1	81	0.48862826676079724	0.9619081296704032
1	82	0.4875481767967494	0.96534254507585
1	83	0.4859810865888692	0.9821889209747314
1	84	0.48587070800439275	0.9640532344037837
1	85	0.4886534047728837	0.9621798703887245
1	86	0.49388345365572456	0.9687100418047472
1	87	0.4777689880373502	0.9872306541963057
1	88	0.4781146502314192	1.0207474476640874
1	89	0.48040907490133034	0.9657133992151781
1	90	0.4758640499428065	1.0296779118884694
1	91	0.47792088921021936	0.9814542496204376
1	92	0.47767585793528894	0.9837646281719208
1	93	0.4686628324636305	0.9799400505152616
1	94	0.47666914773107777	0.9771682650392706
1	95	0.4700871314063217	0.9713741499727423
2	1	1.6661714661914186	1.3278465268852042
2	2	1.340129049638143	1.3426993452816558
2	3	1.2557453941076229	1.2249537139273377
2	4	1.2012731801384153	1.1833269210170498
2	5	1.1514154363017626	1.1736754464159767
2	6	1.119528905560191	1.1922734102113641
2	7	1.0757076434600048	1.146998980598484
2	8	1.0511971746619122	1.1140247675583517
2	9	1.0177334800649147	1.1032909785243248
2	10	0.9891311244036143	1.073338522542295
2	11	0.9616265232101656	1.0791911073297047
2	12	0.9557544291974642	1.0243695870363454
2	13	0.9073964650384508	1.0435354295823214
2	14	0.8970620111705592	1.0294454912487552
2	15	0.881416115611314	1.0446957999424968
2	16	0.86767584996489	1.042972484724127
2	17	0.8477962551495204	1.0048729811640953
2	18	0.8274215038221043	1.0075092071251903
2	19	0.8167898896365211	1.0011757397823196
2	20	0.8020792776623216	0.9994874276059995
2	21	0.7903033629155312	1.0291563976797269
2	22	0.7859589902636333	1.013491928577423
2	23	0.7569686840945042	1.0171111926114818
2	24	0.7535852366843476	0.984771812348057
2	25	0.7399770457488604	1.0072093652092295
2	26	0.7226581217673345	0.99998248052254
2	27	0.7455743912917873	0.9787651349743494
2	28	0.7010674070662413	1.002216597898401
2	29	0.6988433367298104	0.9809301796791364
2	30	0.6902574092591516	0.9947664499711647
2	31	0.6885653029745206	0.9913683823115534
2	32	0.6809100401886286	0.9992920272856307
2	33	0.6639748311792619	0.9757003755234986
2	34	0.6626071815008823	0.9938591021856815
2	35	0.7475325148910857	0.9893959280398252
2	36	0.6375282080545543	0.9913498822519248
2	37	0.6283365297728242	0.9979154826711407
2	38	0.6343605095425096	1.008560127920384
2	39	0.6371099872228044	0.9739014898701538
2	40	0.6268237152566704	0.9577458228567521
2	41	0.618067131879238	0.9538814419036289
2	42	0.6429006629086171	1.0074807931300547
2	43	0.6014989580935202	0.973193136800965
2	44	0.5998700009479833	0.9730937372651889
2	45	0.5960862070011596	0.993556091253706
2	46	0.5933171216613398	0.9864288595297354
2	47	0.5869649135543463	0.9835565104115781
2	48	0.6427198016048911	0.9701585346203057
2	49	0.5712513438461778	0.9601852731953422
2	50	0.5663010913293618	0.9806022686924009
2	51	0.5674702002583311	0.9716414367552284
2	52	0.5664667492815986	0.9969723831406601
2	53	0.56158267482757	1.0012778411451861
2	54	0.5631710954237347	0.9697360817691405
2	55	0.6398908357100132	1.0567728306749742
2	56	0.5658455904191121	0.9696792478827264
2	57	0.5408578525918225	0.9858682105223909
2	58	0.5399166696633284	0.9654128143041254
2	59	0.5437140130461791	0.9871851584250978
2	60	0.5469874868897769	0.9793392341557167
2	61	0.542660923812013	0.9677678184757987
2	62	0.5445947412293978	0.9663081082294314
2	63	0.5269245179370046	0.9816086498095835
2	64	0.5263690163250058	0.976707396211384
2	65	0.5296067842342055	1.0025334484714399
2	66	0.52547370776152	0.9803005314344982
2	67	0.5195383867905594	0.9772040572741049
2	68	0.5274433762742541	0.9626486179211157
2	69	0.5250108254810747	0.9840923271162046
2	70	0.6500517485651355	0.9519481725401158
2	71	0.5014484353685895	0.9740943426279713
2	72	0.5137050474683443	0.976171117677963
2	73	0.5094782667509161	0.9795695751262226
2	74	0.5051921965279735	0.9651363692480883
2	75	0.516607947787867	0.9624764784205732
2	76	0.5014674422414734	1.2568231993656365
2	77	0.5070144837984863	0.994418443857337
2	78	0.5020357703802009	0.9696322113489934
2	79	0.5052001940038724	0.9745465974799163
2	80	0.4986504109707685	0.9942815244305048
2	81	0.49471068531513596	0.9802800523076983
2	82	0.4988276298122051	0.9597715238015428
2	83	0.5024516974898199	0.9710169727210518
2	84	0.49606724834451693	0.9715146146875491
2	85	0.4922654028229702	0.9812217944388767
2	86	0.491587419474784	0.999236772707898
2	87	0.48736397332201403	0.9628946277306234
2	88	0.48572913703556436	0.9843799300331006
2	89	0.4849153635545801	0.9497253148675823
2	90	0.4816286037974537	0.9954537897230052
2	91	0.4923876844621144	0.9689047148973822
2	92	0.49224941226510477	0.9755815524849103
2	93	0.46949140070221174	0.9775122750362903
2	94	0.47749579765905553	0.9757300138259105
2	95	0.4692232563900642	0.9992904332901934
2	96	0.47505098830263776	0.9690580042146093
2	97	0.47858854374872184	0.9856370526680843
2	98	0.4726765899536892	0.9672301482382438
2	99	0.4773481400826803	1.0042801383587954
2	100	0.46912292767769825	1.0081438110243501
2	101	0.4709438016005338	0.9833326246455419
2	102	0.47245553757350606	0.9605297283302966
2	103	0.4675169987186121	0.9725238729080707
2	104	0.470108027343089	0.9506230758462878
2	105	0.46381358814855606	0.9869199166838214
2	106	0.46637826181279546	0.9860534476076098
2	107	0.4671751730538045	0.9823645728526356
2	108	0.4616128451859531	0.9743455688087203
2	109	0.4627133419390959	0.9772210069697538
2	110	0.4585795271067092	0.9756693691015244
2	111	0.4806765932231568	0.9741278021670073
2	112	0.45874712223975134	0.9937137611907163
2	113	0.45484199606550807	0.9955597945468889
2	114	0.466002215935777	0.9788233265816737
2	115	0.45821964935972714	1.0082109834221626
2	116	0.4617161571215361	0.9704090393275666
2	117	0.45870707486756146	0.9795444863948891
2	118	0.460902053086708	0.9853444073697646
2	119	0.4570468213612166	0.9769985959898654
3	1	1.672608359643515	1.3053052265574967
3	2	1.3413775902652048	1.2964331397543782
3	3	1.2555049292180729	1.158773846168449
3	4	1.1977136416039642	1.103047550480435
3	5	1.161385973940273	1.0877827146778936
3	6	1.1098722473454659	1.1523473459309426
3	7	1.07101922371862	1.0409939570919327
3	8	1.0344394949544184	1.036118797418
3	9	1.0261336438204427	1.0299660208216612
3	10	0.9829714321589633	1.0493419299954954
3	11	0.9671497763310125	1.0368187400525894
3	12	0.9357056350755172	1.013685168347497
3	13	0.9168958190857137	1.0234082641376965
3	14	0.8989983822099133	0.9884499545762504
3	15	0.8783530530835237	1.0025450940365377
3	16	0.8584888806723759	1.0087002197253532
3	17	0.8463488145369313	1.0019329068237457
3	18	0.8255599150505574	0.9904801306733186
3	19	0.8065698317488597	0.9728225742777189
3	20	0.7957930464536661	0.9737795773839605
3	21	0.7938731668887717	0.9740077634004579
3	22	0.7598811087465883	0.969364863914856
3	23	0.749789409559005	0.9541917548555395
3	24	0.7406823968677979	0.9765448476309362
3	25	0.7401297074510631	0.9423656748688739
3	26	0.7090158092191154	0.9598451858197433
3	27	0.7091905727326798	0.9452507941835169
3	28	0.700881829076974	0.9498262013430181
3	29	0.6925961923036164	0.9636804251999095
3	30	0.6860176758524098	0.958447692186936
3	31	0.6773831825560507	0.9432773199202358
3	32	0.6860483292494756	0.968031320342983
3	33	0.6468022108848026	0.9573094697966091
3	34	0.6395818637018489	0.9563643379487853
3	35	0.6506528938410981	0.9669312876851662
3	36	0.6411762543934028	0.950393233070339
3	37	0.6330836917129696	0.9497400292235872
3	38	0.6273100548181314	0.9397713509590729
3	39	0.6579727887457593	0.9483872391823409
3	40	0.5986139679693819	0.9724646801317948
3	41	0.6030477507127886	0.9555368881294692
3	42	0.6029014146022369	0.9419392251234123
3	43	0.5979909506725312	0.9617588104329248
3	44	0.5893747849923062	0.9745820527491362
3	45	0.6233151168605711	0.946179289964662
3	46	0.5751494801376537	0.952116475481054
3	47	0.5725933826939444	0.9672575323046118
3	48	0.575061036782925	0.9598116891971533
3	49	0.5711464209509897	0.9560511836755103
3	50	0.563859764845996	0.9695154569935107
3	51	0.5643072332532646	0.9549840201718219
3	52	0.5694559444859474	0.9587798427412475
3	53	0.551406628463145	0.9634588192338529
3	54	0.5465886156778929	0.9431812129374864
3	55	0.54538725167934	0.9574475882277973
3	56	0.5512699338400321	0.9546691918934601
3	57	0.5447498280457252	0.9722961389284203
3	58	0.554947385768232	0.9572267749387285
3	59	0.5337081146326862	0.935849634633548
3	60	0.5628412533513856	0.9600521530146184
3	61	0.5326229593158971	0.9594971405855124
3	62	0.525826673426838	0.9638919198642606
3	63	0.5307974485281162	0.9484954771140347
3	64	0.5312247375927964	0.9585653292960015
3	65	0.5353202419772859	0.9743190455263939
3	66	0.5243718793700672	0.9572691545970198
3	67	0.5186725148798046	0.9543970591132191
3	68	0.5129782170430277	0.9594875230737354
3	69	0.5125326934749194	0.9505103741219079
3	70	0.516926555995456	0.948188749452432
3	71	0.5080447768462393	0.9786930346618528
3	72	0.50969475710469	0.9603629861620889
3	73	0.5072663983222598	0.9482719876627991
3	74	0.5050722190844805	0.9629999051491419
3	75	0.5002212014754646	0.9537917329133421
3	76	0.5873821990344137	0.9623852967136148
3	77	0.5010530187157696	0.9596561023938484
3	78	0.4829289709000901	0.9393727780468222
3	79	0.4891095326511813	0.9555608511402987
3	80	0.489878832938982	0.968831820656424
3	81	0.4889513958737308	0.9587786313200343
3	82	0.49341571021209957	0.991713125852571
3	83	0.4875632348467758	0.9910238328241352
3	84	0.49088528249405255	0.9626024155945018
3	85	0.4901538231727044	0.9492385154185088
3	86	0.48111884821120604	0.9710928919738617
3	87	0.4829437023071594	0.9390400851118392
3	88	0.4825294752743247	0.9959211438030436
3	89	0.48036764629507045	0.9627649609161459
4	1	1.7136510422241313	1.4214529282804849
4	2	1.3573498596843931	1.2550254252509794
4	3	1.2761378076237184	1.1980262675147126
4	4	1.2127827306347956	1.15196791269641
4	5	1.1630782432691815	1.132535093072532
4	6	1.1288806034539187	1.0868803215199623
4	7	1.0820716282621905	1.082993213897166
4	8	1.0502929629170192	1.0856036174556483
4	9	1.0262058136490104	1.026758642948192
4	10	1.0005303683109683	1.0061847250098768
4	11	0.969196515676473	1.0214248011293618
4	12	0.9475774418764099	1.0249950659015905
4	13	0.9207627585186315	1.0066872327655987
4	14	0.9030661087564348	0.9560585840456728
4	15	0.8825281756697786	0.9844630688860796
4	16	0.8671228623707704	0.9889739514261052
4	17	0.8514988145898483	0.9959053732994674
4	18	0.8274726990649448	0.9844208651262781
4	19	0.816627772285921	0.9753408473039019
4	20	0.7956915660141167	0.9774857995950658
4	21	0.8214678257775941	0.9588722972118336
4	22	0.7629104898257829	0.9659658811878467
4	23	0.7509245501111071	0.9564912890394529
4	24	0.7418899987497284	0.9618669791498046
4	25	0.7338358563483002	0.9872170502076978
4	26	0.7303303652612118	0.964700232381406
4	27	0.707336675336613	0.9599647071698437
4	28	0.6995420289963268	0.9510466005059256
4	29	0.6933511012114277	0.949592620242333
4	30	0.6853608321142928	0.9494305872830792
4	31	0.7227140279235716	0.94203195159418
4	32	0.6530750276125469	0.9346024933932484
4	33	0.6495213272159768	0.9735144892896431
4	34	0.650050147664316	0.9499638040644535
4	35	0.6438580889847126	0.9785497741422792
4	36	0.6383107417985449	0.9490158510380897
4	37	0.6302583894126351	0.9390375022438989
4	38	0.653852705107859	0.9598947735368342
4	39	0.6127796585553591	0.9858038930789285
4	40	0.6017400122054456	0.9658777762366377
4	41	0.6062982488390513	0.9407524629563525
4	42	0.6382649405239281	0.927303769990154
4	43	0.5838013197429918	0.9318495473783949
4	44	0.5858717008378834	0.9454576979944671
4	45	0.5844434259686382	0.9543635159514953
4	46	0.5815087671514189	0.9278526951869329
4	47	0.5751622888327992	0.9390065471331278
4	48	0.5783342580950673	0.9427336699504784
4	49	0.5626116831989131	0.9475150608282158
4	50	0.5637529673741843	0.9426612934988478
4	51	0.5580472670754085	0.9423577363292376
4	52	0.555663626583908	0.9499766384993774
4	53	0.5555984594463051	0.935698039829731
4	54	0.5413950689383531	0.9574719357533731
4	55	0.5519842917251433	0.9500735735763675
4	56	0.5346137244040876	0.9565294599835423
4	57	0.5462375447406607	0.9370933622121811
4	58	0.5215221366651891	0.9474471680064133
4	59	0.5274552242038133	0.9465893537238024
4	60	0.5264185962956504	0.9477246202852415
4	61	0.5255899670217382	0.9314106425297433
4	62	0.5206145995249183	0.9643475532099821
4	63	0.5178821166620994	0.9491825423378876
4	64	0.5121287389134476	0.9639653745984685
4	65	0.517602742061055	0.94225960008908
4	66	0.5065082339291808	0.9508648188649744
4	67	0.4997516146667837	0.9835052775300067
4	68	0.5100235889355341	0.9361511505600335
4	69	0.50495622452586	0.9392219489251358
4	70	0.4988753935855853	0.9575703645098037
4	71	0.5043308960696302	0.9735921148372733
4	72	0.5266381815328436	0.9593119626675827
5	1	1.6854878468984165	1.378544529495032
5	2	1.3422272220873572	1.1951484781676445
5	3	1.2615777307525007	1.2802256162183872
5	4	1.202983474461937	1.1390544683605
5	5	1.1640958267568242	1.141351450720559
5	6	1.1172679558991905	1.1931276111931042
5	7	1.091492413728527	1.0858132723664893
5	8	1.040419839638397	1.063171075306077
5	9	1.0139409176851888	1.0234087718569713
5	10	0.9938700311502526	1.027435953742352
5	11	0.9709078533109465	1.0500201198501864
5	12	0.9519878747990692	0.9935559006272883
5	13	0.927616453442691	1.0088185730619708
5	14	0.9195332722433834	1.0342610166340633
5	15	0.8819035361334832	1.028983552062857
5	16	0.8674012969519084	0.9749382092900898
5	17	0.8619548633760823	0.9901045745481616
5	18	0.840133680648076	0.9992900003773578
5	19	0.8339166746752658	0.9829465344116308
5	20	0.8227067692269228	1.0531806769794312
5	21	0.8131366379568064	1.0377620958547662
5	22	0.7785024839420688	0.9949466440340747
5	23	0.7784784238787009	0.9691666613022486
5	24	0.7627122535260877	0.9869779780291129
5	25	0.7518443785033305	0.9618180931910224
5	26	0.7399714730009226	0.9750621508860934
5	27	0.7332854054305743	0.9690960712622905
5	28	0.797779328925599	0.9390592986474866
5	29	0.6962209652340793	0.9589668617084406
5	30	0.6973677930160064	0.9802725943534271
5	31	0.6961461594317004	0.9775016976223476
5	32	0.6939847105012384	0.9587852933268616
5	33	0.6790719381204574	0.996491526240024
5	34	0.6713454764807085	0.9560168856295986
5	35	0.6609641061851369	0.9642493452714838
5	36	0.6671767452093301	0.9490260751782984
5	37	0.6467999472077162	0.9711243357995282
5	38	0.6395078711707985	0.9743380861869757
5	39	0.6362084910532232	0.9720537116130193
5	40	0.6540534744279058	0.9689350615161053
5	41	0.6103820726907104	0.9798364916789359
5	42	0.6582216116561012	0.9528107658244561
5	43	0.6000098987637771	0.9504814258088237
5	44	0.5973297695166457	0.9777500347058842
5	45	0.6002542596937526	0.9553579567135244
5	46	0.5988668971211861	0.9738538774891176
5	47	0.5945173635880313	0.9881907659380332
5	48	0.5918229578914881	1.061026652114115
5	49	0.5895813941221637	0.9564948639144069
5	50	0.5802081687632327	0.9522243063303008
5	51	0.585766833102602	0.9648805280094561
5	52	0.5665481907612959	0.9477675576572833
5	53	0.5713037251162827	0.9581488603051158
5	54	0.5640860488987951	0.9578599011984424
5	55	0.5662945380759999	0.9473086328826089
5	56	0.5657361304815325	0.9402597480710002
5	57	0.5494807407374241	0.9713751448021419
5	58	0.5558423887626943	0.9590907260991525
6	1	1.7062721488070902	1.313138483443122
6	2	1.3616082825310627	1.2501211408255757
6	3	1.2741927122002217	1.208489928988443
6	4	1.2179304442371077	1.1954255799452465
6	5	1.16780926468104	1.1547493166897609
6	6	1.1176599059291499	1.100632372001807
6	7	1.0789643807630473	1.100412544996842
6	8	1.0502924774625024	1.0996492867884429
6	9	1.0154976826273852	1.1035358771897745
6	10	0.9856561589572833	1.095542425910632
6	11	0.9658545604777365	1.1266644266636476
6	12	0.9411601828874816	1.082800609694011
6	13	0.9186032165462522	1.0793935719175616
6	14	0.8906473518019004	1.0776293102813803
6	15	0.8767565432432536	1.00335023994895
6	16	0.8558374378002185	1.0285962083633395
6	17	0.8390112459274875	1.0425523509797843
6	18	0.8216329343427617	1.0095857839653457
6	19	0.807206556074751	0.9912310817103455
6	20	0.7977312094216003	1.0036817648704501
6	21	0.7790898226619296	1.0003564681695856
6	22	0.8185503464905953	0.979038883810458
6	23	0.7408495489244934	0.9915735962382262
6	24	0.7384400438906541	0.9792055579415266
6	25	0.7341758476096134	1.003088200761788
6	26	0.7205384074199003	0.9812803612886996
6	27	0.7131571269843212	0.9947123519968295
6	28	0.7195419275613983	0.9658390847237214
6	29	0.6858332296048215	1.010499241127484
6	30	0.6822057474688591	0.9867286469409431
6	31	0.6745357278880211	1.0163331665638564
6	32	0.6717048702027443	1.014372673911461
6	33	0.6641728315215382	1.0288401627238246
6	34	0.6609172035172467	1.0019289998040684
6	35	0.6419092298407572	0.9781614411352337
6	36	0.6380737297426264	0.9779457957416341
6	37	0.6460318401509978	0.9863107325374216
6	38	0.6228503530582818	0.9776825449173001
6	39	0.609180670783086	1.003717633801094
6	40	0.6124312033716734	1.0020958107450735
6	41	0.650058503014371	0.9743610398061033
6	42	0.5874945598415138	0.9748314096443895
6	43	0.590782152639853	0.9836330755033355
6	44	0.5972131982824407	0.9790155251604923
6	45	0.5896186114691976	0.993437561220017
6	46	0.5836709703695586	0.985702197080937
6	47	0.5874528020391929	0.985057770666005
6	48	0.5765673437032934	0.9837774746659873
6	49	0.5615453646218118	0.9817609573188035
6	50	0.5667170404474213	0.9709903199387633
6	51	0.5548016430029421	0.985120646007683
6	52	0.5615589019570826	0.9811061762165332
6	53	0.5512070787703139	0.9694661399808483
6	54	0.5475070918156958	0.9878513830295508
6	55	0.6348547405860462	0.9833013137829476
6	56	0.540830444813544	0.9685906241985335
6	57	0.5277805338707986	0.9835728106723316
6	58	0.531498854669557	0.9868437259093575
7	1	1.6961958615386357	1.3725276166114255
7	2	1.3532059020818883	1.233635344799014
7	3	1.2649062535170343	1.192238979473494
7	4	1.2146591957852226	1.1488909885503245
7	5	1.1601238012289818	1.084409874310528
7	6	1.1310388834449563	1.1316734622570053
7	7	1.0825616190242269	1.0485173658184384
7	8	1.052875637863971	1.0573379362838855
7	9	1.0154180448653956	1.0801579991112584
7	10	1.0035787187051215	1.0147328221279641
7	11	0.9673075018054965	0.9968811669859333
7	12	0.9444550547278826	1.04460844937442
7	13	0.9223504832606794	1.0392338486685269
7	14	0.9044590177482196	1.0036131928580394
7	15	0.9018252423841691	0.961579873510029
7	16	0.8563926355918536	0.9823439487296602
7	17	0.8485449010904927	0.9553767439463864
7	18	0.8398376246437532	0.9793933858906013
7	19	0.8144549451338962	0.9525722064401793
7	20	0.8076950975936634	1.0056754475918368
7	21	0.7868328773172956	0.9947447428020878
7	22	0.7748600128904459	0.9408738274073255
7	23	0.757853258243495	0.9954538325900617
7	24	0.7487881554381495	0.9806322541789733
7	25	0.7356639813417054	0.9451407900323039
7	26	0.7439308569754194	1.1349372940434925
7	27	0.7272184876749853	0.942140481610229
7	28	0.6870984249853022	0.9751680692036947
7	29	0.7022742461360592	0.9663524459237638
7	30	0.686710682788812	0.9521463163520979
7	31	0.6800125173170304	0.984924324720666
7	32	0.6809516539260391	0.9489326241655626
7	33	0.675692728027275	0.9813885725494744
7	34	0.7004849692714258	0.9562310311889303
7	35	0.6434076531478254	0.965106142171915
7	36	0.6345394623226718	0.9434744321565697
7	37	0.6349201748738458	0.9325632781222246
7	38	0.6320033213607922	0.9421125836130502
7	39	0.6332053760939766	0.974276354563409
7	40	0.636715482069042	0.9745325304675794
7	41	0.6052663059366874	0.9566777437061503
7	42	0.6099828008813082	0.9655095736185709
7	43	0.6019413194039905	0.9694719032748885
7	44	0.6202836480413604	0.9573304537629735
7	45	0.6034153890189764	0.9484370687733525
7	46	0.5837880731911272	0.9624031095401101
7	47	0.5905464648125346	0.9377839887055798
7	48	0.5813774232719212	0.9705180743898171
7	49	0.5799216522787521	0.9409373735172161
7	50	0.6379028104248666	0.9514872538654701
7	51	0.5651660130262759	0.9348012688367263
7	52	0.5588691580720795	0.9375770163276921
7	53	0.5600722951364825	0.9658791099985441
7	54	0.5690856437705208	0.9546737874979558
7	55	0.5698640222921337	0.9473184317998264
7	56	0.5518593081528023	0.9741740581997926
7	57	0.5543781331049993	0.9722716193916141
7	58	0.5491049299253086	0.9727000499117202
7	59	0.5450324203243951	0.9598694256898286
7	60	0.5473955276210862	0.9523638186679371
7	61	0.5367604743708818	0.9775669661121092
7	62	0.5457892190456294	0.9519768036578012
7	63	0.5309707154397857	0.9481085602571999
7	64	0.5293750066050403	0.973204758828101
7	65	0.5373574935203116	0.9606015237345211
7	66	0.5231253955932165	0.9982229355668676
7	67	0.5513794917773931	0.9450671706294668
8	1	1.6551314294218393	1.3395833107323423
8	2	1.3258688235000093	1.3208469772166724
8	3	1.2576419745624712	1.1869361293014637
8	4	1.189165400090254	1.1692049688380548
8	5	1.1455476678155923	1.1844725009551547
8	6	1.1073620725358688	1.0790428952835096
8	7	1.0861881620489933	1.0701270334772255
8	8	1.0402479346828093	1.1061074940306186
8	9	1.0063556152435973	1.077799289557908
8	10	0.9854437556068342	1.0482436177532595
8	11	0.9648159912876878	1.0590039965047733
8	12	0.9386516161409784	1.0283130555807038
8	13	0.9224822346733716	1.0389275752034859
8	14	0.8904152207696683	0.9873724081671195
8	15	0.873709612825955	0.9738268957671706
8	16	0.8582655455412326	0.991906731352479
8	17	0.8416800562353751	0.9868674791461725
8	18	0.8243329470949476	0.991486530118901
8	19	0.8145625776179497	0.9787010183618388
8	20	0.8021723617738541	1.0365355336493964
8	21	0.7778606850865092	0.9601776623553748
8	22	0.769435577978319	0.9757878467279221
8	23	0.7536878923503184	0.9748474897460386
8	24	0.7418769875539083	1.0024138889157814
8	25	0.733030674816568	0.9628311367671842
8	26	0.8271982861322527	0.945435698281987
8	27	0.7088394748862603	0.9322745649392854
8	28	0.6915900146189491	0.9473178029490722
8	29	0.6880800432716933	0.9570472341582232
8	30	0.6789089613498623	0.9502968826879232
8	31	0.6789485558322217	0.9897401936432945
8	32	0.6655093268320941	0.9613652762953555
8	33	0.6627459324503885	0.9482760300274791
8	34	0.6645560987476464	0.9397218069229746
8	35	0.6390575144693081	0.9576103605518272
8	36	0.6278689920686554	0.9924452356483101
8	37	0.632425049940745	0.968025412262562
8	38	0.623283691012241	0.9632148368263933
8	39	0.6224998607422676	0.9692275055048698
8	40	0.6101163810019422	0.9519537476425998
8	41	0.6077685672557637	0.9602183035779946
8	42	0.602719708408368	0.9382801492722026
8	43	0.648695936272985	0.9548605984944298
8	44	0.5797961510157652	0.9576698242542115
8	45	0.5763401076778811	0.9572105937055733
8	46	0.58338771569331	0.9449868975778779
8	47	0.5757677733454782	0.9522317248776502
8	48	0.5753214549277746	0.9707148613051817
8	49	0.5838596793928921	0.9432055952316587
8	50	0.5549999427606075	0.9304709141865534
8	51	0.5556801431716855	0.9447524439987293
8	52	0.5518602701581814	0.9611097183683719
8	53	0.5568196739077232	0.9721387456900806
8	54	0.5666513615671679	0.9380358792168999
8	55	0.5494973629617192	0.936746003825742
8	56	0.5382014005705205	0.940949899302493
8	57	0.5383826747482735	0.9557284273825828
8	58	0.537915181391058	0.9495175072002067
8	59	0.5430819920665249	0.9476983569804511
8	60	0.5434163159750339	0.9461127565871077
8	61	0.5307580622315263	0.9810268652998584
8	62	0.5340960875339282	0.9416029231642988
8	63	0.5193945346441334	0.9499882516662997
8	64	0.5360878728566805	0.9465412998888036
8	65	0.5159949850115759	0.9589680284799652
8	66	0.5182874770614101	0.9459633544248794
8	67	0.514698753562566	0.9452377118788902
8	68	0.5258467452601348	0.9646996459806009
8	69	0.5066365984414157	0.9684789254992447
8	70	0.5072271611420179	0.9597910079930233
8	71	0.506580827301604	0.954798636668856
8	72	0.5085594394166737	0.9607917450180122
8	73	0.5062984428913372	0.962968765183046
8	74	0.5091547114294506	0.9416224176487767
8	75	0.5024563160451195	0.9668976248171355
8	76	0.49945923633900424	0.9439959018239046
8	77	0.5055823215026188	0.9580392756832206
8	78	0.4997378591617332	0.9682451692083682
8	79	0.49715546502087266	0.9717816780405354
8	80	0.5132466011501289	0.9415266577302334
9	1	1.676043880080608	1.316431980260781
9	2	1.3321532485736294	1.2529278069734573
9	3	1.262871562036321	1.1758813187479973
9	4	1.2025662137310262	1.1534301107483251
9	5	1.1494448323965547	1.1528565147093364
9	6	1.104978433174357	1.1295426562428474
9	7	1.0736272200319923	1.1054912575653622
9	8	1.0427575123357489	1.115346650992121
9	9	1.0088093326888075	1.0965809544282301
9	10	0.9869034421135844	1.0330075674823351
9	11	0.9605720187039309	1.0926120566470283
9	12	0.9442597726230356	1.0233139610716275
9	13	0.907631007198311	1.0228380285203458
9	14	0.8881927114713263	1.0024576330823558
9	15	0.8699435358256042	1.0123256877064706
9	16	0.8580618801458219	0.9884412284408297
9	17	0.838624956439551	0.983768597564527
9	18	0.8194824172180168	1.0434110795812948
9	19	0.8016320139939932	1.0095998719334602
9	20	0.7870399867445527	0.9999191136232444
9	21	0.7898201843616266	0.9797543624682086
9	22	0.7537495105095934	0.9869993356721741
9	23	0.7460427728253852	0.9793234240795885
9	24	0.7293634021613992	0.9725861880396094
9	25	0.7277578712220695	0.9833193292575223
9	26	0.7122033781429409	0.9848632943417345
9	27	0.7042396007250128	0.9882056863180229
9	28	0.6947347563374825	0.9531279456402574
9	29	0.688229912448356	0.9557186064975602
9	30	0.6703313791431916	0.9682956412434578
9	31	0.6660937425156473	0.959077006152698
9	32	0.6556663858665387	0.9690239938242095
9	33	0.6532725583310156	0.9583981774747372
9	34	0.6509213185274815	0.9662028740559305
9	35	0.6308486326314346	0.9845294497907162
9	36	0.6253376837990156	1.009188113361597
9	37	0.6308888229354476	0.9638992870492594
9	38	0.6131826250856487	0.9687108167580196
9	39	0.6065131489728127	1.0060143001377582
9	40	0.6012453951074873	0.9878158732184342
9	41	0.6415917639881669	0.9573144491229738
9	42	0.5828655530456046	0.9702209653598922
9	43	0.5840283646735235	0.9650269420019217
9	44	0.5821015909166033	0.9884478804256235
9	45	0.5768574787003856	0.9904413504259927
9	46	0.582115362960823	0.9673210776277951
9	47	0.5679691667881448	0.9999173161174569
9	48	0.5725687783648432	0.994531591555902
9	49	0.5596626197841486	1.014939113280603
9	50	0.5611219728443305	1.008662587617125
9	51	0.5572395813868013	0.9836008870175906
9	52	0.6613023196785872	0.9579540852989469
9	53	0.5316806549935881	0.9811840224478926
9	54	0.5335238894162547	1.021427527495793
9	55	0.5342117102494534	0.9882960038525718
9	56	0.5381256591847118	0.9724416992494038
9	57	0.5417900702410616	0.9772455005773476
9	58	0.533442276111891	0.9666502615170819
10	1	1.7004984358144768	1.3258745084953991
10	2	1.3588738320495812	1.2652211590907052
10	3	1.2599760039158454	1.2875778217896765
10	4	1.2128027510009571	1.193992994164908
10	5	1.1627913580696154	1.115314856438654
10	6	1.1183715525789828	1.092875352256187
10	7	1.0797501886743477	1.0838129285415867
10	8	1.067580875174503	1.083070677882027
10	9	1.0112738619910875	1.0468174909178074
10	10	0.994710110827441	1.0610811842545387
10	11	0.9710974764380986	1.0256610792597562
10	12	0.9489853302931434	1.0483229045746147
10	13	0.928715812697965	1.0110328433547824
10	14	0.9135598610912472	1.0365769418764286
10	15	0.8935293369635171	0.9857557132893566
10	16	0.8649293164158173	0.9818746437949519
10	17	0.8538578133844063	1.0337663142270939
10	18	0.8421520853561733	0.9922381082956936
10	19	0.8215632571061515	1.0716037817406185
10	20	0.8232460716606091	0.9617811412580551
10	21	0.7885699058550623	1.019180676843103
10	22	0.7824026650183209	0.9759475565298483
10	23	0.7861296436427547	0.9849594968194175
10	24	0.7525819892579443	0.9836645035547168
10	25	0.7430723302253855	1.0144938795850695
10	26	0.7335839541052229	0.9719014773445744
10	27	0.724535482487248	0.9926766459446227
10	28	0.7127062495927358	0.9742665381094033
10	29	0.7059231238083225	0.981594543089576
10	30	0.6937809061918362	0.9729893276064012
10	31	0.6836550421253758	0.9813090054899134
10	32	0.7284596030277773	0.9721449591139312
10	33	0.6584949445543506	0.9738347911172442
10	34	0.6573691643801299	0.9784477080709191
10	35	0.6563935487319411	0.9624303168079759
10	36	0.6483710993541225	0.9591788927820848
10	37	0.6437253065755545	0.9844878926926617
10	38	0.634768406385381	1.0061553816000621
10	39	0.6267687588203825	0.9670279112020274
10	40	0.6574840996856457	0.9710129201412201
10	41	0.6111835048608765	0.9848613598013437
10	42	0.5997207052722913	0.9547879502551103
10	43	0.608307247918175	0.9629016607786165
10	44	0.601038971550456	0.9638031313068978
10	45	0.5954464781632006	1.0131021089664924
10	46	0.5939486034503233	0.9775372752152036
10	47	0.5915267829222532	0.957685111003751
10	48	0.5872735642715307	1.188284158706665
10	49	0.5796644077258638	0.9744312207758641
10	50	0.5798017138237959	0.9853242898500094
10	51	0.5741531046757068	0.9778997608357005
10	52	0.6062344984559598	0.9468981349126413
10	53	0.5578544228983269	0.9597876049498076
10	54	0.5505352186182714	0.9949520881084131
10	55	0.5565235194293585	0.9665728028743498
10	56	0.5529532030587953	0.9559846750617454
10	57	0.5791746887608714	0.9576604574598292
10	58	0.5455131512365958	0.9836261740828928
10	59	0.5414216400050088	0.9517644000737043
10	60	0.5394919002789571	0.9617221071301395
10	61	0.5412092837711548	0.9690764308189406
10	62	0.5357214714044387	0.9819483986678517
10	63	0.5300939762909033	0.9618670718216982
10	64	0.5332944015836506	0.961421636911276
10	65	0.5778985473271898	0.9670405610060606
10	66	0.5190311750137373	0.9963185474223133
10	67	0.5148364437243198	0.9843380671248214
10	68	0.5204469663795356	0.9987402401170209
10	69	0.5232046576163981	0.9783755364597485
10	70	0.5230404853380255	0.9730436587205498
10	71	0.5136178733406666	0.9841439921582471
10	72	0.515807266616126	0.9834032641677019
10	73	0.5461765870576947	0.9726290258455448
10	74	0.505799548588083	0.9573549129683057
10	75	0.49896651626681027	0.97553562594571
10	76	0.5074151787896467	0.9623360843214083
10	77	0.49965948517733083	0.9647907347127955
10	78	0.5074276520974437	0.9672189371453391
10	79	0.4986069713277527	0.969555689789702
10	80	0.49786828602974864	0.9606581062185294
10	81	0.53506692972509	0.9538095947555316
10	82	0.4886673312995894	0.950969561021508
